wra sa fb 0 0 0 0 0 0 0 0 0 0 0 0 0 0 0 0 0 0 0 0 0 0 0 0 0 0 0 0 0 0 0 0 0 
sleep 10000
acq_config /data/cryo/current_data/1446482864/1446482867_RCs_ssa rcs
wra sa fb 0 0 0 0 0 0 0 0 0 0 0 0 0 0 0 0 0 0 0 0 0 0 0 0 0 0 0 0 0 0 0 0 0
acq_go 1
wra sa fb 0 150 150 150 150 150 150 150 150 150 150 150 150 150 150 150 150 150 150 150 150 150 150 150 150 150 150 150 150 150 150 150 150
acq_go 1
wra sa fb 0 300 300 300 300 300 300 300 300 300 300 300 300 300 300 300 300 300 300 300 300 300 300 300 300 300 300 300 300 300 300 300 300
acq_go 1
wra sa fb 0 450 450 450 450 450 450 450 450 450 450 450 450 450 450 450 450 450 450 450 450 450 450 450 450 450 450 450 450 450 450 450 450
acq_go 1
wra sa fb 0 600 600 600 600 600 600 600 600 600 600 600 600 600 600 600 600 600 600 600 600 600 600 600 600 600 600 600 600 600 600 600 600
acq_go 1
wra sa fb 0 750 750 750 750 750 750 750 750 750 750 750 750 750 750 750 750 750 750 750 750 750 750 750 750 750 750 750 750 750 750 750 750
acq_go 1
wra sa fb 0 900 900 900 900 900 900 900 900 900 900 900 900 900 900 900 900 900 900 900 900 900 900 900 900 900 900 900 900 900 900 900 900
acq_go 1
wra sa fb 0 1050 1050 1050 1050 1050 1050 1050 1050 1050 1050 1050 1050 1050 1050 1050 1050 1050 1050 1050 1050 1050 1050 1050 1050 1050 1050 1050 1050 1050 1050 1050 1050
acq_go 1
wra sa fb 0 1200 1200 1200 1200 1200 1200 1200 1200 1200 1200 1200 1200 1200 1200 1200 1200 1200 1200 1200 1200 1200 1200 1200 1200 1200 1200 1200 1200 1200 1200 1200 1200
acq_go 1
wra sa fb 0 1350 1350 1350 1350 1350 1350 1350 1350 1350 1350 1350 1350 1350 1350 1350 1350 1350 1350 1350 1350 1350 1350 1350 1350 1350 1350 1350 1350 1350 1350 1350 1350
acq_go 1
wra sa fb 0 1500 1500 1500 1500 1500 1500 1500 1500 1500 1500 1500 1500 1500 1500 1500 1500 1500 1500 1500 1500 1500 1500 1500 1500 1500 1500 1500 1500 1500 1500 1500 1500
acq_go 1
wra sa fb 0 1650 1650 1650 1650 1650 1650 1650 1650 1650 1650 1650 1650 1650 1650 1650 1650 1650 1650 1650 1650 1650 1650 1650 1650 1650 1650 1650 1650 1650 1650 1650 1650
acq_go 1
wra sa fb 0 1800 1800 1800 1800 1800 1800 1800 1800 1800 1800 1800 1800 1800 1800 1800 1800 1800 1800 1800 1800 1800 1800 1800 1800 1800 1800 1800 1800 1800 1800 1800 1800
acq_go 1
wra sa fb 0 1950 1950 1950 1950 1950 1950 1950 1950 1950 1950 1950 1950 1950 1950 1950 1950 1950 1950 1950 1950 1950 1950 1950 1950 1950 1950 1950 1950 1950 1950 1950 1950
acq_go 1
wra sa fb 0 2100 2100 2100 2100 2100 2100 2100 2100 2100 2100 2100 2100 2100 2100 2100 2100 2100 2100 2100 2100 2100 2100 2100 2100 2100 2100 2100 2100 2100 2100 2100 2100
acq_go 1
wra sa fb 0 2250 2250 2250 2250 2250 2250 2250 2250 2250 2250 2250 2250 2250 2250 2250 2250 2250 2250 2250 2250 2250 2250 2250 2250 2250 2250 2250 2250 2250 2250 2250 2250
acq_go 1
wra sa fb 0 2400 2400 2400 2400 2400 2400 2400 2400 2400 2400 2400 2400 2400 2400 2400 2400 2400 2400 2400 2400 2400 2400 2400 2400 2400 2400 2400 2400 2400 2400 2400 2400
acq_go 1
wra sa fb 0 2550 2550 2550 2550 2550 2550 2550 2550 2550 2550 2550 2550 2550 2550 2550 2550 2550 2550 2550 2550 2550 2550 2550 2550 2550 2550 2550 2550 2550 2550 2550 2550
acq_go 1
wra sa fb 0 2700 2700 2700 2700 2700 2700 2700 2700 2700 2700 2700 2700 2700 2700 2700 2700 2700 2700 2700 2700 2700 2700 2700 2700 2700 2700 2700 2700 2700 2700 2700 2700
acq_go 1
wra sa fb 0 2850 2850 2850 2850 2850 2850 2850 2850 2850 2850 2850 2850 2850 2850 2850 2850 2850 2850 2850 2850 2850 2850 2850 2850 2850 2850 2850 2850 2850 2850 2850 2850
acq_go 1
wra sa fb 0 3000 3000 3000 3000 3000 3000 3000 3000 3000 3000 3000 3000 3000 3000 3000 3000 3000 3000 3000 3000 3000 3000 3000 3000 3000 3000 3000 3000 3000 3000 3000 3000
acq_go 1
wra sa fb 0 3150 3150 3150 3150 3150 3150 3150 3150 3150 3150 3150 3150 3150 3150 3150 3150 3150 3150 3150 3150 3150 3150 3150 3150 3150 3150 3150 3150 3150 3150 3150 3150
acq_go 1
wra sa fb 0 3300 3300 3300 3300 3300 3300 3300 3300 3300 3300 3300 3300 3300 3300 3300 3300 3300 3300 3300 3300 3300 3300 3300 3300 3300 3300 3300 3300 3300 3300 3300 3300
acq_go 1
wra sa fb 0 3450 3450 3450 3450 3450 3450 3450 3450 3450 3450 3450 3450 3450 3450 3450 3450 3450 3450 3450 3450 3450 3450 3450 3450 3450 3450 3450 3450 3450 3450 3450 3450
acq_go 1
wra sa fb 0 3600 3600 3600 3600 3600 3600 3600 3600 3600 3600 3600 3600 3600 3600 3600 3600 3600 3600 3600 3600 3600 3600 3600 3600 3600 3600 3600 3600 3600 3600 3600 3600
acq_go 1
wra sa fb 0 3750 3750 3750 3750 3750 3750 3750 3750 3750 3750 3750 3750 3750 3750 3750 3750 3750 3750 3750 3750 3750 3750 3750 3750 3750 3750 3750 3750 3750 3750 3750 3750
acq_go 1
wra sa fb 0 3900 3900 3900 3900 3900 3900 3900 3900 3900 3900 3900 3900 3900 3900 3900 3900 3900 3900 3900 3900 3900 3900 3900 3900 3900 3900 3900 3900 3900 3900 3900 3900
acq_go 1
wra sa fb 0 4050 4050 4050 4050 4050 4050 4050 4050 4050 4050 4050 4050 4050 4050 4050 4050 4050 4050 4050 4050 4050 4050 4050 4050 4050 4050 4050 4050 4050 4050 4050 4050
acq_go 1
wra sa fb 0 4200 4200 4200 4200 4200 4200 4200 4200 4200 4200 4200 4200 4200 4200 4200 4200 4200 4200 4200 4200 4200 4200 4200 4200 4200 4200 4200 4200 4200 4200 4200 4200
acq_go 1
wra sa fb 0 4350 4350 4350 4350 4350 4350 4350 4350 4350 4350 4350 4350 4350 4350 4350 4350 4350 4350 4350 4350 4350 4350 4350 4350 4350 4350 4350 4350 4350 4350 4350 4350
acq_go 1
wra sa fb 0 4500 4500 4500 4500 4500 4500 4500 4500 4500 4500 4500 4500 4500 4500 4500 4500 4500 4500 4500 4500 4500 4500 4500 4500 4500 4500 4500 4500 4500 4500 4500 4500
acq_go 1
wra sa fb 0 4650 4650 4650 4650 4650 4650 4650 4650 4650 4650 4650 4650 4650 4650 4650 4650 4650 4650 4650 4650 4650 4650 4650 4650 4650 4650 4650 4650 4650 4650 4650 4650
acq_go 1
wra sa fb 0 4800 4800 4800 4800 4800 4800 4800 4800 4800 4800 4800 4800 4800 4800 4800 4800 4800 4800 4800 4800 4800 4800 4800 4800 4800 4800 4800 4800 4800 4800 4800 4800
acq_go 1
wra sa fb 0 4950 4950 4950 4950 4950 4950 4950 4950 4950 4950 4950 4950 4950 4950 4950 4950 4950 4950 4950 4950 4950 4950 4950 4950 4950 4950 4950 4950 4950 4950 4950 4950
acq_go 1
wra sa fb 0 5100 5100 5100 5100 5100 5100 5100 5100 5100 5100 5100 5100 5100 5100 5100 5100 5100 5100 5100 5100 5100 5100 5100 5100 5100 5100 5100 5100 5100 5100 5100 5100
acq_go 1
wra sa fb 0 5250 5250 5250 5250 5250 5250 5250 5250 5250 5250 5250 5250 5250 5250 5250 5250 5250 5250 5250 5250 5250 5250 5250 5250 5250 5250 5250 5250 5250 5250 5250 5250
acq_go 1
wra sa fb 0 5400 5400 5400 5400 5400 5400 5400 5400 5400 5400 5400 5400 5400 5400 5400 5400 5400 5400 5400 5400 5400 5400 5400 5400 5400 5400 5400 5400 5400 5400 5400 5400
acq_go 1
wra sa fb 0 5550 5550 5550 5550 5550 5550 5550 5550 5550 5550 5550 5550 5550 5550 5550 5550 5550 5550 5550 5550 5550 5550 5550 5550 5550 5550 5550 5550 5550 5550 5550 5550
acq_go 1
wra sa fb 0 5700 5700 5700 5700 5700 5700 5700 5700 5700 5700 5700 5700 5700 5700 5700 5700 5700 5700 5700 5700 5700 5700 5700 5700 5700 5700 5700 5700 5700 5700 5700 5700
acq_go 1
wra sa fb 0 5850 5850 5850 5850 5850 5850 5850 5850 5850 5850 5850 5850 5850 5850 5850 5850 5850 5850 5850 5850 5850 5850 5850 5850 5850 5850 5850 5850 5850 5850 5850 5850
acq_go 1
wra sa fb 0 6000 6000 6000 6000 6000 6000 6000 6000 6000 6000 6000 6000 6000 6000 6000 6000 6000 6000 6000 6000 6000 6000 6000 6000 6000 6000 6000 6000 6000 6000 6000 6000
acq_go 1
wra sa fb 0 6150 6150 6150 6150 6150 6150 6150 6150 6150 6150 6150 6150 6150 6150 6150 6150 6150 6150 6150 6150 6150 6150 6150 6150 6150 6150 6150 6150 6150 6150 6150 6150
acq_go 1
wra sa fb 0 6300 6300 6300 6300 6300 6300 6300 6300 6300 6300 6300 6300 6300 6300 6300 6300 6300 6300 6300 6300 6300 6300 6300 6300 6300 6300 6300 6300 6300 6300 6300 6300
acq_go 1
wra sa fb 0 6450 6450 6450 6450 6450 6450 6450 6450 6450 6450 6450 6450 6450 6450 6450 6450 6450 6450 6450 6450 6450 6450 6450 6450 6450 6450 6450 6450 6450 6450 6450 6450
acq_go 1
wra sa fb 0 6600 6600 6600 6600 6600 6600 6600 6600 6600 6600 6600 6600 6600 6600 6600 6600 6600 6600 6600 6600 6600 6600 6600 6600 6600 6600 6600 6600 6600 6600 6600 6600
acq_go 1
wra sa fb 0 6750 6750 6750 6750 6750 6750 6750 6750 6750 6750 6750 6750 6750 6750 6750 6750 6750 6750 6750 6750 6750 6750 6750 6750 6750 6750 6750 6750 6750 6750 6750 6750
acq_go 1
wra sa fb 0 6900 6900 6900 6900 6900 6900 6900 6900 6900 6900 6900 6900 6900 6900 6900 6900 6900 6900 6900 6900 6900 6900 6900 6900 6900 6900 6900 6900 6900 6900 6900 6900
acq_go 1
wra sa fb 0 7050 7050 7050 7050 7050 7050 7050 7050 7050 7050 7050 7050 7050 7050 7050 7050 7050 7050 7050 7050 7050 7050 7050 7050 7050 7050 7050 7050 7050 7050 7050 7050
acq_go 1
wra sa fb 0 7200 7200 7200 7200 7200 7200 7200 7200 7200 7200 7200 7200 7200 7200 7200 7200 7200 7200 7200 7200 7200 7200 7200 7200 7200 7200 7200 7200 7200 7200 7200 7200
acq_go 1
wra sa fb 0 7350 7350 7350 7350 7350 7350 7350 7350 7350 7350 7350 7350 7350 7350 7350 7350 7350 7350 7350 7350 7350 7350 7350 7350 7350 7350 7350 7350 7350 7350 7350 7350
acq_go 1
wra sa fb 0 7500 7500 7500 7500 7500 7500 7500 7500 7500 7500 7500 7500 7500 7500 7500 7500 7500 7500 7500 7500 7500 7500 7500 7500 7500 7500 7500 7500 7500 7500 7500 7500
acq_go 1
wra sa fb 0 7650 7650 7650 7650 7650 7650 7650 7650 7650 7650 7650 7650 7650 7650 7650 7650 7650 7650 7650 7650 7650 7650 7650 7650 7650 7650 7650 7650 7650 7650 7650 7650
acq_go 1
wra sa fb 0 7800 7800 7800 7800 7800 7800 7800 7800 7800 7800 7800 7800 7800 7800 7800 7800 7800 7800 7800 7800 7800 7800 7800 7800 7800 7800 7800 7800 7800 7800 7800 7800
acq_go 1
wra sa fb 0 7950 7950 7950 7950 7950 7950 7950 7950 7950 7950 7950 7950 7950 7950 7950 7950 7950 7950 7950 7950 7950 7950 7950 7950 7950 7950 7950 7950 7950 7950 7950 7950
acq_go 1
wra sa fb 0 8100 8100 8100 8100 8100 8100 8100 8100 8100 8100 8100 8100 8100 8100 8100 8100 8100 8100 8100 8100 8100 8100 8100 8100 8100 8100 8100 8100 8100 8100 8100 8100
acq_go 1
wra sa fb 0 8250 8250 8250 8250 8250 8250 8250 8250 8250 8250 8250 8250 8250 8250 8250 8250 8250 8250 8250 8250 8250 8250 8250 8250 8250 8250 8250 8250 8250 8250 8250 8250
acq_go 1
wra sa fb 0 8400 8400 8400 8400 8400 8400 8400 8400 8400 8400 8400 8400 8400 8400 8400 8400 8400 8400 8400 8400 8400 8400 8400 8400 8400 8400 8400 8400 8400 8400 8400 8400
acq_go 1
wra sa fb 0 8550 8550 8550 8550 8550 8550 8550 8550 8550 8550 8550 8550 8550 8550 8550 8550 8550 8550 8550 8550 8550 8550 8550 8550 8550 8550 8550 8550 8550 8550 8550 8550
acq_go 1
wra sa fb 0 8700 8700 8700 8700 8700 8700 8700 8700 8700 8700 8700 8700 8700 8700 8700 8700 8700 8700 8700 8700 8700 8700 8700 8700 8700 8700 8700 8700 8700 8700 8700 8700
acq_go 1
wra sa fb 0 8850 8850 8850 8850 8850 8850 8850 8850 8850 8850 8850 8850 8850 8850 8850 8850 8850 8850 8850 8850 8850 8850 8850 8850 8850 8850 8850 8850 8850 8850 8850 8850
acq_go 1
wra sa fb 0 9000 9000 9000 9000 9000 9000 9000 9000 9000 9000 9000 9000 9000 9000 9000 9000 9000 9000 9000 9000 9000 9000 9000 9000 9000 9000 9000 9000 9000 9000 9000 9000
acq_go 1
wra sa fb 0 9150 9150 9150 9150 9150 9150 9150 9150 9150 9150 9150 9150 9150 9150 9150 9150 9150 9150 9150 9150 9150 9150 9150 9150 9150 9150 9150 9150 9150 9150 9150 9150
acq_go 1
wra sa fb 0 9300 9300 9300 9300 9300 9300 9300 9300 9300 9300 9300 9300 9300 9300 9300 9300 9300 9300 9300 9300 9300 9300 9300 9300 9300 9300 9300 9300 9300 9300 9300 9300
acq_go 1
wra sa fb 0 9450 9450 9450 9450 9450 9450 9450 9450 9450 9450 9450 9450 9450 9450 9450 9450 9450 9450 9450 9450 9450 9450 9450 9450 9450 9450 9450 9450 9450 9450 9450 9450
acq_go 1
wra sa fb 0 9600 9600 9600 9600 9600 9600 9600 9600 9600 9600 9600 9600 9600 9600 9600 9600 9600 9600 9600 9600 9600 9600 9600 9600 9600 9600 9600 9600 9600 9600 9600 9600
acq_go 1
wra sa fb 0 9750 9750 9750 9750 9750 9750 9750 9750 9750 9750 9750 9750 9750 9750 9750 9750 9750 9750 9750 9750 9750 9750 9750 9750 9750 9750 9750 9750 9750 9750 9750 9750
acq_go 1
wra sa fb 0 9900 9900 9900 9900 9900 9900 9900 9900 9900 9900 9900 9900 9900 9900 9900 9900 9900 9900 9900 9900 9900 9900 9900 9900 9900 9900 9900 9900 9900 9900 9900 9900
acq_go 1
wra sa fb 0 10050 10050 10050 10050 10050 10050 10050 10050 10050 10050 10050 10050 10050 10050 10050 10050 10050 10050 10050 10050 10050 10050 10050 10050 10050 10050 10050 10050 10050 10050 10050 10050
acq_go 1
wra sa fb 0 10200 10200 10200 10200 10200 10200 10200 10200 10200 10200 10200 10200 10200 10200 10200 10200 10200 10200 10200 10200 10200 10200 10200 10200 10200 10200 10200 10200 10200 10200 10200 10200
acq_go 1
wra sa fb 0 10350 10350 10350 10350 10350 10350 10350 10350 10350 10350 10350 10350 10350 10350 10350 10350 10350 10350 10350 10350 10350 10350 10350 10350 10350 10350 10350 10350 10350 10350 10350 10350
acq_go 1
wra sa fb 0 10500 10500 10500 10500 10500 10500 10500 10500 10500 10500 10500 10500 10500 10500 10500 10500 10500 10500 10500 10500 10500 10500 10500 10500 10500 10500 10500 10500 10500 10500 10500 10500
acq_go 1
wra sa fb 0 10650 10650 10650 10650 10650 10650 10650 10650 10650 10650 10650 10650 10650 10650 10650 10650 10650 10650 10650 10650 10650 10650 10650 10650 10650 10650 10650 10650 10650 10650 10650 10650
acq_go 1
wra sa fb 0 10800 10800 10800 10800 10800 10800 10800 10800 10800 10800 10800 10800 10800 10800 10800 10800 10800 10800 10800 10800 10800 10800 10800 10800 10800 10800 10800 10800 10800 10800 10800 10800
acq_go 1
wra sa fb 0 10950 10950 10950 10950 10950 10950 10950 10950 10950 10950 10950 10950 10950 10950 10950 10950 10950 10950 10950 10950 10950 10950 10950 10950 10950 10950 10950 10950 10950 10950 10950 10950
acq_go 1
wra sa fb 0 11100 11100 11100 11100 11100 11100 11100 11100 11100 11100 11100 11100 11100 11100 11100 11100 11100 11100 11100 11100 11100 11100 11100 11100 11100 11100 11100 11100 11100 11100 11100 11100
acq_go 1
wra sa fb 0 11250 11250 11250 11250 11250 11250 11250 11250 11250 11250 11250 11250 11250 11250 11250 11250 11250 11250 11250 11250 11250 11250 11250 11250 11250 11250 11250 11250 11250 11250 11250 11250
acq_go 1
wra sa fb 0 11400 11400 11400 11400 11400 11400 11400 11400 11400 11400 11400 11400 11400 11400 11400 11400 11400 11400 11400 11400 11400 11400 11400 11400 11400 11400 11400 11400 11400 11400 11400 11400
acq_go 1
wra sa fb 0 11550 11550 11550 11550 11550 11550 11550 11550 11550 11550 11550 11550 11550 11550 11550 11550 11550 11550 11550 11550 11550 11550 11550 11550 11550 11550 11550 11550 11550 11550 11550 11550
acq_go 1
wra sa fb 0 11700 11700 11700 11700 11700 11700 11700 11700 11700 11700 11700 11700 11700 11700 11700 11700 11700 11700 11700 11700 11700 11700 11700 11700 11700 11700 11700 11700 11700 11700 11700 11700
acq_go 1
wra sa fb 0 11850 11850 11850 11850 11850 11850 11850 11850 11850 11850 11850 11850 11850 11850 11850 11850 11850 11850 11850 11850 11850 11850 11850 11850 11850 11850 11850 11850 11850 11850 11850 11850
acq_go 1
wra sa fb 0 12000 12000 12000 12000 12000 12000 12000 12000 12000 12000 12000 12000 12000 12000 12000 12000 12000 12000 12000 12000 12000 12000 12000 12000 12000 12000 12000 12000 12000 12000 12000 12000
acq_go 1
wra sa fb 0 12150 12150 12150 12150 12150 12150 12150 12150 12150 12150 12150 12150 12150 12150 12150 12150 12150 12150 12150 12150 12150 12150 12150 12150 12150 12150 12150 12150 12150 12150 12150 12150
acq_go 1
wra sa fb 0 12300 12300 12300 12300 12300 12300 12300 12300 12300 12300 12300 12300 12300 12300 12300 12300 12300 12300 12300 12300 12300 12300 12300 12300 12300 12300 12300 12300 12300 12300 12300 12300
acq_go 1
wra sa fb 0 12450 12450 12450 12450 12450 12450 12450 12450 12450 12450 12450 12450 12450 12450 12450 12450 12450 12450 12450 12450 12450 12450 12450 12450 12450 12450 12450 12450 12450 12450 12450 12450
acq_go 1
wra sa fb 0 12600 12600 12600 12600 12600 12600 12600 12600 12600 12600 12600 12600 12600 12600 12600 12600 12600 12600 12600 12600 12600 12600 12600 12600 12600 12600 12600 12600 12600 12600 12600 12600
acq_go 1
wra sa fb 0 12750 12750 12750 12750 12750 12750 12750 12750 12750 12750 12750 12750 12750 12750 12750 12750 12750 12750 12750 12750 12750 12750 12750 12750 12750 12750 12750 12750 12750 12750 12750 12750
acq_go 1
wra sa fb 0 12900 12900 12900 12900 12900 12900 12900 12900 12900 12900 12900 12900 12900 12900 12900 12900 12900 12900 12900 12900 12900 12900 12900 12900 12900 12900 12900 12900 12900 12900 12900 12900
acq_go 1
wra sa fb 0 13050 13050 13050 13050 13050 13050 13050 13050 13050 13050 13050 13050 13050 13050 13050 13050 13050 13050 13050 13050 13050 13050 13050 13050 13050 13050 13050 13050 13050 13050 13050 13050
acq_go 1
wra sa fb 0 13200 13200 13200 13200 13200 13200 13200 13200 13200 13200 13200 13200 13200 13200 13200 13200 13200 13200 13200 13200 13200 13200 13200 13200 13200 13200 13200 13200 13200 13200 13200 13200
acq_go 1
wra sa fb 0 13350 13350 13350 13350 13350 13350 13350 13350 13350 13350 13350 13350 13350 13350 13350 13350 13350 13350 13350 13350 13350 13350 13350 13350 13350 13350 13350 13350 13350 13350 13350 13350
acq_go 1
wra sa fb 0 13500 13500 13500 13500 13500 13500 13500 13500 13500 13500 13500 13500 13500 13500 13500 13500 13500 13500 13500 13500 13500 13500 13500 13500 13500 13500 13500 13500 13500 13500 13500 13500
acq_go 1
wra sa fb 0 13650 13650 13650 13650 13650 13650 13650 13650 13650 13650 13650 13650 13650 13650 13650 13650 13650 13650 13650 13650 13650 13650 13650 13650 13650 13650 13650 13650 13650 13650 13650 13650
acq_go 1
wra sa fb 0 13800 13800 13800 13800 13800 13800 13800 13800 13800 13800 13800 13800 13800 13800 13800 13800 13800 13800 13800 13800 13800 13800 13800 13800 13800 13800 13800 13800 13800 13800 13800 13800
acq_go 1
wra sa fb 0 13950 13950 13950 13950 13950 13950 13950 13950 13950 13950 13950 13950 13950 13950 13950 13950 13950 13950 13950 13950 13950 13950 13950 13950 13950 13950 13950 13950 13950 13950 13950 13950
acq_go 1
wra sa fb 0 14100 14100 14100 14100 14100 14100 14100 14100 14100 14100 14100 14100 14100 14100 14100 14100 14100 14100 14100 14100 14100 14100 14100 14100 14100 14100 14100 14100 14100 14100 14100 14100
acq_go 1
wra sa fb 0 14250 14250 14250 14250 14250 14250 14250 14250 14250 14250 14250 14250 14250 14250 14250 14250 14250 14250 14250 14250 14250 14250 14250 14250 14250 14250 14250 14250 14250 14250 14250 14250
acq_go 1
wra sa fb 0 14400 14400 14400 14400 14400 14400 14400 14400 14400 14400 14400 14400 14400 14400 14400 14400 14400 14400 14400 14400 14400 14400 14400 14400 14400 14400 14400 14400 14400 14400 14400 14400
acq_go 1
wra sa fb 0 14550 14550 14550 14550 14550 14550 14550 14550 14550 14550 14550 14550 14550 14550 14550 14550 14550 14550 14550 14550 14550 14550 14550 14550 14550 14550 14550 14550 14550 14550 14550 14550
acq_go 1
wra sa fb 0 14700 14700 14700 14700 14700 14700 14700 14700 14700 14700 14700 14700 14700 14700 14700 14700 14700 14700 14700 14700 14700 14700 14700 14700 14700 14700 14700 14700 14700 14700 14700 14700
acq_go 1
wra sa fb 0 14850 14850 14850 14850 14850 14850 14850 14850 14850 14850 14850 14850 14850 14850 14850 14850 14850 14850 14850 14850 14850 14850 14850 14850 14850 14850 14850 14850 14850 14850 14850 14850
acq_go 1
wra sa fb 0 0 0 0 0 0 0 0 0 0 0 0 0 0 0 0 0 0 0 0 0 0 0 0 0 0 0 0 0 0 0 0 0 
