#!/bin/bash

label='tc_sweep_small_temp_step_set1'
#temps="0.172 0.171 0.170 0.169 0.168 0.167 0.166 0.165 0.164 0.163 0.162 0.161 0.160 0.159 0.158 0.157 0.156 0.155 0.154 0.153"
#temps="0.152 0.151 0.150 0.149 0.148 0.147 0.146 0.145 0.144 0.143 0.142 0.141 0.140 0.139 0.138 0.137 0.136 0.135 0.134 0.133 0.132 0.131 0.130 0.129 0.128 0.127 0.126"
#temps="0.200 0.199 0.198 0.197 0.196 0.195 0.194 0.193 0.192 0.191 0.190 0.189 0.188 0.187 0.186 0.185 0.184 0.183 0.182 0.181 0.180 0.179 0.178 0.177 0.176 0.175 0.174 0.173 0.172 0.171 0.170 0.169 0.168 0.167 0.166 0.165 0.164 0.163 0.162 0.161 0.160 0.159 0.158 0.157 0.156 0.155 0.154 0.153 0.152 0.151 0.150 0.149 0.148 0.147 0.146 0.145 0.144 0.143 0.142 0.141 0.140 0.139 0.138 0.137 0.136 0.135 0.134 0.133 0.132 0.131 0.130 0.129 0.128 0.127 0.126 0.125 0.124 0.123 0.122 0.121 0.120 0.119 0.118 0.117 0.116 0.115 0.114 0.113 0.112 0.111 0.110 0.109 0.108 0.107 0.106 0.105 0.104 0.103 0.102 0.101 0.100"
#temps="0.1760 0.1758 0.1756 0.1754 0.1752 0.1750 0.1748 0.1746 0.1744 0.1742 0.1740 0.1738 0.1736 0.1734 0.1732 0.1730 0.1728 0.1726 0.1724 0.1722 0.1720 0.1718 0.1716 0.1714 0.1712 0.1710 0.1708 0.1706 0.1704 0.1702 0.1700"
temps="0.1700 0.1698 0.1696 0.1694 0.1692 0.1690 0.1688 0.1686 0.1684 0.1682 0.1680 0.1678 0.1676 0.1674 0.1672 0.1670 0.1668 0.1666 0.1664 0.1662 0.1660 0.1658 0.1656 0.1654 0.1652 0.1650 0.1648 0.1646 0.1644 0.1642 0.1640 0.1638 0.1636 0.1634 0.1632 0.1630 0.1628 0.1626 0.1624 0.1622 0.1620 0.1618 0.1616 0.1614 0.1612 0.1610 0.1608 0.1606 0.1604 0.1602 0.1600 0.1598 0.1596 0.1594 0.1592 0.1590 0.1588 0.1586 0.1584 0.1582 0.1580 0.1578 0.1576 0.1574 0.1572 0.1570 0.1568 0.1566 0.1564 0.1562 0.1560 0.1558 0.1556 0.1554 0.1552 0.1550 0.1548 0.1546 0.1544 0.1542 0.1540 0.1538 0.1536 0.1534 0.1532 0.1530 0.1528 0.1526 0.1524 0.1522 0.1520 0.1518 0.1516 0.1514 0.1512 0.1510 0.1508 0.1506 0.1504 0.1502 0.1500 0.1498 0.1496 0.1494 0.1492 0.1490 0.1488 0.1486 0.1484 0.1482 0.1480 0.1478 0.1476 0.1474 0.1472 0.1470 0.1468 0.1466 0.1464 0.1462 0.1460 0.1458 0.1456 0.1454 0.1452 0.1450 0.1448 0.1446 0.1444 0.1442 0.1440 0.1438 0.1436 0.1434 0.1432 0.1430 0.1428 0.1426 0.1424 0.1422 0.1420 0.1418 0.1416 0.1414 0.1412 0.1410 0.1408 0.1406 0.1404 0.1402 0.1400 0.1398 0.1396 0.1394 0.1392 0.1390 0.1388 0.1386 0.1384 0.1382 0.1380 0.1378 0.1376 0.1374 0.1372 0.1370 0.1368 0.1366 0.1364 0.1362 0.1360 0.1358 0.1356 0.1354 0.1352 0.1350"
for temp in $temps
do
     python set_tempservo_param.py --servotemp $temp
     python daemon_servo_dirfile_v2.py start
     sleep 160
#     sleep 120
     ./change_to_MUX09
     filename_mux09=$label'_MUX09_'$temp
     ramp_sq1_tes_bias $filename_mux09 s
     echo $filename_mux09
     ./change_to_MUX11
     filename_mux11=$label'_MUX11_'$temp
     ramp_sq1_tes_bias $filename_mux11 s
     echo $filename_mux11
     python daemon_servo_dirfile_v2.py stop
done
