<linear_power_at_45.0_Hz(W/rtHz)_C0> 5.52227696478e-17 6.28144733967e-17 5.91802580832e-17 5.94580138228e-17 0.0 6.23563855007e-17 6.22440465915e-17 5.91996311511e-17 5.96543054781e-17 5.69289108985e-17 5.52669162945e-17 6.35435354207e-17 5.84366818889e-17 6.20940405018e-17 5.3874278967e-17 6.02254239489e-17 5.88265822511e-17 6.47451364514e-17 6.30472466667e-17 5.9059214783e-17 6.85901061586e-17 0.0
<linear_power_at_45.0_Hz(W/rtHz)_C1> 6.86197255189e-17 6.68243097041e-17 6.50467767811e-17 6.49702744136e-17 0.0 6.66226949617e-17 6.90010652324e-17 2.79637894337e-17 6.21215407709e-17 6.58139780246e-17 6.21629262337e-17 1.97492246014e-16 5.31978014014e-17 6.32021978409e-17 5.94150340507e-17 6.16804353778e-17 5.49173570821e-17 6.83562107278e-17 5.94256764866e-17 5.71785352013e-17 6.17885124028e-17 0.0
<linear_power_at_45.0_Hz(W/rtHz)_C2> 6.17564276842e-17 5.46366369584e-17 6.57459920279e-17 5.89896232942e-17 0.0 6.73343043421e-17 6.79764844377e-17 6.36780654481e-17 5.80180931684e-17 7.10985127166e-17 3.25817883949e-18 7.22864301572e-17 6.05068773809e-17 6.16949551928e-17 6.01076234527e-17 7.93359399117e-17 6.51385847906e-17 6.1679805064e-17 6.56862925002e-17 5.9389693787e-17 0.0 0.0
<linear_power_at_45.0_Hz(W/rtHz)_C3> 7.19072846785e-17 7.21524612938e-17 0.0 2.42449752297e-17 0.0 5.28034164967e-17 5.536513089e-17 6.075174395e-17 0.0 4.99186544719e-17 5.69817479137e-17 6.70765657374e-17 6.72863169247e-17 5.14977424819e-17 5.78439128422e-17 5.77134378347e-17 6.18400899679e-17 5.93711606185e-17 7.66853929725e-17 5.41061365433e-17 5.27403564293e-17 0.0
<linear_power_at_45.0_Hz(W/rtHz)_C4> 0.0 5.45974176339e-17 5.31923139007e-17 6.49303878379e-17 6.31877388272e-17 5.44204516555e-17 6.3930749841e-17 6.17297747553e-17 6.41572236343e-17 5.84149039736e-17 6.26963480676e-17 6.08883200942e-17 5.47474186347e-17 5.65782585991e-17 5.58390058071e-17 5.57958102177e-17 6.79509516481e-17 0.0 6.80645789962e-17 6.5650025258e-17 6.61618422123e-17 6.21625286421e-17
<linear_power_at_45.0_Hz(W/rtHz)_C5> 0.0 5.98948851409e-17 5.99990705915e-17 5.6281566199e-17 5.19209618081e-17 6.19977946968e-17 0.0 5.81222345698e-17 6.90587652597e-17 5.97806273103e-17 4.61386041249e-17 3.3591034286e-17 4.88651535697e-17 4.61979516745e-17 5.38959159712e-17 5.08301193036e-17 5.99881258803e-17 5.67798426456e-17 6.3222746485e-17 6.0957077725e-17 4.85971206189e-17 5.29788402947e-17
<linear_power_at_45.0_Hz(W/rtHz)_C6> 0.0 7.35909535951e-17 7.72306380175e-17 0.0 6.3377682144e-17 6.6528072478e-17 8.19185320965e-17 1.01258928591e-16 5.08543582391e-17 5.74974911456e-17 9.47424931844e-17 7.49154669782e-17 8.07424385321e-17 6.15911527233e-17 5.81910703047e-17 5.75246677382e-17 5.73184941441e-17 0.0 5.72679808049e-17 5.68865103392e-17 5.90195428811e-17 5.97832241681e-17
<linear_power_at_45.0_Hz(W/rtHz)_C7> 0.0 0.0 5.43356318982e-17 5.17383239116e-17 5.17167660948e-17 6.40964229091e-17 0.0 0.0 1.46227728982e-16 5.71263895882e-17 5.74471953361e-17 5.39574594526e-17 5.7215766694e-17 6.2411551497e-17 5.22104999099e-17 5.8733075813e-17 5.90459764888e-17 0.0 5.39706076968e-17 5.40869028646e-17 5.96428649756e-17 5.81327414151e-17
<linear_power_at_45.0_Hz(W/rtHz)_C8> 0.0 7.10926807005e-17 7.21294211534e-17 5.71913538534e-17 5.70392520121e-17 6.26369433593e-17 6.72525626238e-17 6.79202743097e-17 7.16107723721e-17 5.00603716138e-17 5.46505875765e-17 5.46882332877e-17 5.4124818248e-17 6.76801166421e-17 6.0531063122e-17 6.62740618441e-17 7.2264184742e-17 0.0 4.87260711455e-17 5.6134425764e-17 5.31257087088e-17 4.96726716181e-17
<linear_power_at_45.0_Hz(W/rtHz)_C9> 0.0 5.97784386493e-17 6.89710671286e-17 5.06315981117e-17 5.49466973368e-17 6.74764718591e-17 8.34798661345e-17 6.76765389724e-17 7.55375651422e-17 6.66597835748e-17 8.25926189381e-17 6.42116227742e-17 6.34759922819e-17 7.14263488659e-17 6.63691294447e-17 7.5890570686e-17 7.44041583738e-17 0.0 5.96702737302e-17 6.4243807654e-17 8.76970616222e-17 8.08645078954e-17
<linear_power_at_45.0_Hz(W/rtHz)_C10> 0.0 5.42389638858e-17 6.29603372749e-17 5.85341418642e-17 6.3618129403e-17 5.47896611715e-17 5.48636964521e-17 6.35225565978e-17 5.95479938016e-17 5.42793784033e-17 6.53842329798e-17 4.43500766074e-17 6.17720898781e-17 5.8690059499e-17 5.87516751872e-17 6.39627505499e-17 5.85722519018e-17 7.24062762363e-17 0.0 6.61411010706e-17 6.15607453325e-17 6.56943149838e-17
<linear_power_at_45.0_Hz(W/rtHz)_C11> 0.0 0.0 4.74615454663e-17 5.14164718909e-17 4.54939487183e-17 0.0 4.93786191855e-17 4.87911436279e-17 4.61884494859e-17 4.63777731938e-17 4.60593703493e-17 4.40601641832e-17 5.26427888334e-17 4.89557731259e-17 5.1724361437e-17 6.02713306801e-17 4.68003445081e-17 4.92852901993e-17 4.55121864051e-17 4.66182475663e-17 5.08479708745e-17 4.79977198571e-17
<linear_power_at_45.0_Hz(W/rtHz)_C12> 0.0 5.66827573395e-17 5.5748766532e-17 5.61916474769e-17 6.17438832589e-17 6.44160641797e-17 6.63893109369e-17 6.01496801889e-17 5.50773372874e-17 5.38857846522e-17 5.01966411214e-17 5.61392561981e-17 6.22412940418e-17 0.0 5.1903373537e-17 4.77620780993e-17 4.50215510375e-17 0.0 5.58116180784e-17 5.92589261621e-17 6.40063572495e-17 6.3453548263e-17
<linear_power_at_45.0_Hz(W/rtHz)_C13> 0.0 0.0 4.94674970029e-17 5.67081141141e-17 5.80239683073e-17 4.75752245151e-17 5.12195911412e-17 5.11972573931e-17 5.14602117801e-17 1.13592940392e-16 5.42401020491e-17 5.5724067574e-17 5.97281634334e-17 5.84740593276e-17 5.86183540224e-17 4.03344485717e-17 4.34165049346e-17 0.0 5.64227739038e-17 5.94614174175e-17 5.55118394697e-17 5.57304311668e-17
<linear_power_at_45.0_Hz(W/rtHz)_C14> 0.0 6.08501208547e-17 6.46411025053e-17 6.84697777919e-17 7.27776620008e-17 0.0 4.89608132779e-17 6.0993724731e-17 6.20921432041e-17 6.47048172547e-17 6.7816161696e-17 6.70288028478e-17 7.52007700273e-17 5.02216410977e-17 5.44678408628e-17 7.17212456886e-17 6.64481703004e-17 0.0 6.78714274145e-17 7.36299307169e-17 6.25350696981e-17 7.41023940558e-17
<linear_power_at_45.0_Hz(W/rtHz)_C15> 0.0 5.00676063988e-17 5.18413860849e-17 5.56113418392e-17 5.92335833376e-17 5.15211477209e-17 5.19658902948e-17 5.48012337269e-17 5.54187281546e-17 5.62034693584e-17 5.72029132986e-17 4.63069030612e-17 5.07502845919e-17 4.86135049117e-17 5.26603072985e-17 5.84088459877e-17 0.0 0.0 5.06676351078e-17 5.51735383048e-17 5.22033292371e-17 0.0
<linear_power_at_45.0_Hz(W/rtHz)_C16> 5.70806935481e-17 5.1152019713e-17 5.72106482631e-17 7.52629669909e-17 0.0 5.08465503803e-17 6.14999488123e-17 6.15545040677e-17 8.39802289816e-17 5.41500994009e-17 5.4178926025e-17 6.98641680405e-17 6.725688696e-17 8.47276691989e-17 6.20107736976e-17 5.71304554186e-17 0.0 5.05338117045e-17 4.58681953166e-17 5.75101102475e-17 6.83362088236e-17 0.0
<linear_power_at_45.0_Hz(W/rtHz)_C17> 0.0 0.0 7.29237187431e-17 7.23101732408e-17 0.0 5.77601755421e-17 6.34691041342e-17 5.25356301692e-17 6.04537847891e-17 5.68090495003e-17 6.57439078097e-17 5.09903563949e-17 5.11470114502e-17 4.54330344138e-17 5.30616841894e-17 4.97173996284e-17 4.77168955163e-17 5.86418749824e-17 5.55813546408e-17 5.36154388258e-17 5.03860408215e-17 0.0
<linear_power_at_45.0_Hz(W/rtHz)_C18> 5.64861224382e-17 5.49007724325e-17 0.0 4.98414522365e-17 0.0 0.0 6.01524574101e-17 5.00270407783e-17 4.89048505081e-17 5.52056414037e-17 5.18773314773e-17 5.36249620184e-17 5.40840332356e-17 6.78179921238e-17 7.1204440791e-17 5.31859710764e-17 5.0563363114e-17 5.05571445652e-17 4.89917011266e-17 5.60079957622e-17 4.95233844317e-17 0.0
<linear_power_at_45.0_Hz(W/rtHz)_C19> 5.47351082012e-17 5.30513684042e-17 5.7279925751e-17 5.104997552e-17 5.27673502892e-17 5.56509789581e-17 5.89924615128e-17 6.0332179526e-17 5.89119954737e-17 5.55261146442e-17 5.27778270955e-17 5.38565263681e-17 5.55818269536e-17 0.0 0.0 5.87362206869e-17 0.0 5.17140226376e-17 6.15390852101e-17 2.22701468309e-17 5.62858827059e-17 5.62763434208e-17
<linear_power_at_45.0_Hz(W/rtHz)_C20> 5.59663249201e-17 5.40892010743e-17 5.40636007495e-17 5.61192379475e-17 0.0 5.67703655159e-17 8.98997979066e-17 6.60075425471e-17 5.76861004192e-17 5.90178190482e-17 5.82974525192e-17 6.05399025961e-17 5.41311404478e-17 5.71379603786e-17 5.23766982653e-17 0.0 4.9558249913e-17 4.88871246543e-17 4.85515838225e-17 4.74386749066e-17 5.10658800368e-17 0.0
<linear_power_at_45.0_Hz(W/rtHz)_C21> 0.0 0.0 0.0 6.53063051178e-17 0.0 6.3165550617e-17 0.0 0.0 5.95044609197e-17 7.02434207479e-17 5.76984552371e-17 6.39067961466e-17 5.68694604546e-17 7.03550344332e-17 0.0 0.0 5.09722515876e-17 6.55528732459e-17 5.916614654e-17 5.86472810275e-17 5.30514772296e-17 0.0
<linear_power_at_45.0_Hz(W/rtHz)_C22> 5.86096206332e-17 6.43145905605e-17 3.19704058406e-17 6.14828394024e-17 0.0 2.92048351151e-17 0.0 5.87350101134e-17 6.56941901976e-17 6.75003497398e-17 6.66191456837e-17 1.63863193087e-19 0.0 7.97248980968e-17 7.58521176302e-17 6.37828062384e-17 0.0 6.6381216829e-17 7.19853790594e-17 7.60799679994e-17 3.74991736787e-13 0.0
<linear_power_at_45.0_Hz(W/rtHz)_C23> 6.91781425404e-17 6.61063010107e-17 6.35401544986e-17 6.37045864522e-17 0.0 6.43764073104e-17 6.29308008549e-17 7.31661147129e-17 6.77754064249e-17 7.0590128815e-17 6.59448258188e-17 6.62681449165e-17 7.21655618025e-17 6.55613838099e-17 6.6790111021e-17 5.42230319543e-17 6.40322664596e-17 6.47001758632e-17 5.58573876674e-17 6.47055459783e-17 6.54043261106e-17 0.0
<log_power_at_45.0_Hz(W/rtHz)_C0> -16.2578818155 -16.2019402768 -16.2278231452 -16.2257896024 0.0 -16.2051190667 -16.2059021809 -16.2276809992 -16.2243582062 -16.2446671246 -16.2575347669 -16.1969286257 -16.2333144518 -16.2069500794 -16.2686185292 -16.2202201342 -16.2304263828 -16.1887928495 -16.2003338747 -16.2287123315 -16.163738525 0.0
<log_power_at_45.0_Hz(W/rtHz)_C1> -16.1635510235 -16.1750655188 -16.1867742189 -16.1872852989 0.0 -16.1763778036 -16.1611442046 -16.5534039768 -16.2067577812 -16.1816818581 -16.2064685499 -15.7044499511 -16.2741063162 -16.199267819 -16.2261036496 -16.2098525694 -16.2602903715 -16.1652220201 -16.2260258657 -16.2427669746 -16.2090922606 0.0
<log_power_at_45.0_Hz(W/rtHz)_C2> -16.2093178338 -16.2625160406 -16.1821307173 -16.2292243772 0.0 -16.1717636224 -16.1676412997 -16.196010139 -16.2364365489 -16.148139484 -17.4870250812 -16.1409432222 -16.2181952594 -16.2097503469 -16.2210704429 -16.1005300287 -16.1861616812 -16.2098570075 -16.1825252501 -16.2262889139 0.0 0.0
<log_power_at_45.0_Hz(W/rtHz)_C3> -16.1432271105 -16.1417488495 0.0 -16.6153782553 0.0 -16.2773379768 -16.256763669 -16.2164412506 0.0 -16.3017371293 -16.2442642329 -16.173429181 -16.1720732432 -16.2882118088 -16.2377423369 -16.2387230552 -16.2087298873 -16.2264244612 -16.1152873526 -16.2667534758 -16.2778569395 0.0
<log_power_at_45.0_Hz(W/rtHz)_C4> 0.0 -16.2628278982 -16.2741511172 -16.187552003 -16.1993671856 -16.2642378582 -16.1942902017 -16.2095053077 -16.1927544382 -16.2334763329 -16.2027577552 -16.2154660079 -16.2616363532 -16.2473504237 -16.2530623228 -16.2533984116 -16.1678044566 0.0 -16.1670788374 -16.1827651025 -16.1793924108 -16.2064713277
<log_power_at_45.0_Hz(W/rtHz)_C5> 0.0 -16.2226102636 -16.221855477 -16.2496338256 -16.2846572711 -16.2076237584 0.0 -16.2356576971 -16.1607811909 -16.223439532 -16.3359355487 -16.4737766238 -16.311000732 -16.3353772798 -16.2684441428 -16.293878871 -16.2219347059 -16.2458058154 -16.1991266417 -16.2149758612 -16.3133894619 -16.2758975526
<log_power_at_45.0_Hz(W/rtHz)_C6> 0.0 -16.1331755694 -16.1122103774 0.0 -16.1980636479 -16.1769950592 -16.0866178384 -15.9945666721 -16.2936718219 -16.240351105 -16.0234551908 -16.125428509 -16.0928981384 -16.2104816677 -16.2351436548 -16.2401458811 -16.2417052278 0.0 -16.2420881293 -16.2449907069 -16.2290041585 -16.2234206667
<log_power_at_45.0_Hz(W/rtHz)_C7> 0.0 0.0 -16.2649152779 -16.2861876446 -16.2863686398 -16.1931662069 0.0 0.0 -15.8349702648 -16.2431632227 -16.2407311694 -16.267948507 -16.2424842781 -16.2047350211 -16.2822421484 -16.2311172548 -16.2288096907 0.0 -16.2678426918 -16.2669078865 -16.2244415032 -16.2355791962
<log_power_at_45.0_Hz(W/rtHz)_C8> 0.0 -16.1481751095 -16.1418875531 -16.2426696226 -16.2438261783 -16.2031694437 -16.1722911624 -16.1680005688 -16.1450216421 -16.3005059308 -16.2624051644 -16.2621061064 -16.266603549 -16.1695389015 -16.2180216984 -16.1786564113 -16.1410768925 0.0 -16.312238605 -16.2507707157 -16.2746952633 -16.3038824811
<log_power_at_45.0_Hz(W/rtHz)_C9> 0.0 -16.2234554325 -16.1613330545 -16.2955783645 -16.2600584065 -16.1708476334 -16.078418256 -16.1695618595 -16.1218370182 -16.1761361007 -16.0830587626 -16.1923863543 -16.1973905013 -16.1461415493 -16.1780338789 -16.1198121813 -16.1284027915 0.0 -16.2242419699 -16.1921687268 -16.0570149579 -16.092242052
<log_power_at_45.0_Hz(W/rtHz)_C10> 0.0 -16.2656886153 -16.2009329542 -16.2325907442 -16.1964191048 -16.2613013853 -16.2607149351 -16.1970720311 -16.2251328655 -16.2653651344 -16.1845269666 -16.3531056257 -16.2092077053 -16.2314354502 -16.2309797458 -16.1940728688 -16.2323080785 -16.1402237872 0.0 -16.1795285795 -16.2106961307 -16.1824722115
<log_power_at_45.0_Hz(W/rtHz)_C11> 0.0 0.0 -16.3236581242 -16.2888977272 -16.3420463663 0.0 -16.3064610588 -16.3116590022 -16.3354666165 -16.3336901076 -16.3366820033 -16.3559538889 -16.2786611114 -16.3101960865 -16.2863048622 -16.21988922 -16.32975095 -16.3072826819 -16.3418723005 -16.3314440561 -16.2937263732 -16.3187793934
<log_power_at_45.0_Hz(W/rtHz)_C12> 0.0 -16.2465490316 -16.2537647371 -16.2503282347 -16.2094060599 -16.1910058141 -16.1779018389 -16.2207666774 -16.2590270639 -16.2685257888 -16.2993253424 -16.2507333457 -16.2059213866 0.0 -16.2848044136 -16.3209167856 -16.3465795472 0.0 -16.2532753863 -16.2272462227 -16.1937768888 -16.1975440875
<log_power_at_45.0_Hz(W/rtHz)_C13> 0.0 0.0 -16.3056800639 -16.2463547954 -16.2363925728 -16.3226191535 -16.2905638926 -16.2907533033 -16.2885284308 -15.9446486585 -16.265679502 -16.2539571898 -16.2238208391 -16.233036756 -16.2319663805 -16.3943238761 -16.3623451405 0.0 -16.2485455665 -16.2257647425 -16.2556143814 -16.2539075969
<log_power_at_45.0_Hz(W/rtHz)_C14> 0.0 -16.2157385549 -16.1894912449 -16.1645010816 -16.1380019003 0.0 -16.3101513768 -16.2147148446 -16.2069633496 -16.189063385 -16.1686667943 -16.1737385372 -16.1237777124 -16.2991090999 -16.2638598401 -16.144352176 -16.1775169732 0.0 -16.168313017 -16.1329456082 -16.2038763618 -16.1301677609
<log_power_at_45.0_Hz(W/rtHz)_C15> 0.0 -16.3004431706 -16.2853233952 -16.2548366258 -16.2274319939 -16.2880144709 -16.2842816279 -16.2612096642 -16.2563434454 -16.2502368752 -16.2425818524 -16.334354263 -16.294561518 -16.3132430663 -16.2785166109 -16.2335213742 0.0 0.0 -16.2952693658 -16.2582691636 -16.2823017992 0.0
<log_power_at_45.0_Hz(W/rtHz)_C16> -16.2435107587 -16.2911372137 -16.2425231311 -16.1234186651 0.0 -16.2937385059 -16.2111252457 -16.2107401634 -16.0758229455 -16.2664007418 -16.2661696081 -16.1557455083 -16.1722632382 -16.0719747406 -16.20753285 -16.2431323139 0.0 -16.2964179422 -16.3384883468 -16.2402557999 -16.1653491188 0.0
<log_power_at_45.0_Hz(W/rtHz)_C17> 0.0 0.0 -16.1371311926 -16.140800598 0.0 -16.2383714955 -16.1974376317 -16.279546054 -16.2185765044 -16.2455824771 -16.1821444851 -16.2925119525 -16.2911797373 -16.3426282562 -16.2752189695 -16.3034915944 -16.3213278195 -16.2317921523 -16.2550708727 -16.2707101351 -16.2976897658 0.0
<log_power_at_45.0_Hz(W/rtHz)_C18> -16.2480582369 -16.2604215452 0.0 -16.3024093121 0.0 0.0 -16.2207466257 -16.3007951859 -16.3106480643 -16.2580165399 -16.2850223717 -16.2706330024 -16.266930929 -16.1686550725 -16.14749292 -16.2742029069 -16.2961640476 -16.2962174627 -16.3098774804 -16.2517499682 -16.3051896833 0.0
<log_power_at_45.0_Hz(W/rtHz)_C19> -16.2617340191 -16.2753034094 -16.2419975537 -16.2920044618 -16.2776347134 -16.2545271916 -16.2292034821 -16.2194509853 -16.2297962665 -16.2555027146 -16.277548494 -16.2687616611 -16.2550671822 0.0 0.0 -16.2310940011 0.0 -16.2863916788 -16.2108489639 -16.6522769196 -16.2496005187 -16.2496741288
<log_power_at_45.0_Hz(W/rtHz)_C20> -16.2520732105 -16.2668894333 -16.2670950327 -16.250888235 0.0 -16.2458783096 -16.0462412846 -16.1804064357 -16.2389288184 -16.2290168435 -16.2343504226 -16.2179582821 -16.266552823 -16.2430752664 -16.2808618822 0.0 -16.3048840386 -16.3108055055 -16.3137965982 -16.3238674505 -16.2918691793 0.0
<log_power_at_45.0_Hz(W/rtHz)_C21> 0.0 0.0 0.0 -16.1850448869 0.0 -16.1995197137 0.0 0.0 -16.2254504749 -16.1533943471 -16.2388358141 -16.1944529545 -16.2451208921 -16.1527048201 0.0 0.0 -16.292666182 -16.183408268 -16.2279267152 -16.2317521176 -16.2753025186 0.0
<log_power_at_45.0_Hz(W/rtHz)_C22> -16.2320310897 -16.1916904908 -16.4952518506 -16.2112460841 0.0 -16.5345452414 0.0 -16.2311029521 -16.1824730365 -16.170693977 -16.176400941 -18.7855185866 0.0 -16.0984060272 -16.1200322901 -16.1952963771 0.0 -16.1779547908 -16.1427557041 -16.1187296787 -12.4259783022 0.0
<log_power_at_45.0_Hz(W/rtHz)_C23> -16.1600311031 -16.1797571432 -16.1969517335 -16.1958292992 0.0 -16.1912732639 -16.2011367414 -16.1356900064 -16.1689278694 -16.1512560256 -16.1808192745 -16.1786951867 -16.1416700031 -16.1833518883 -16.1752878346 -16.2658162019 -16.1936011258 -16.1890945389 -16.2529193792 -16.1890584939 -16.1843935247 0.0
