<linear_power_at_8.0_Hz(W/rtHz)_C0> 6.76565006309e-17 6.05031509102e-17 5.34537212624e-17 5.93996123355e-17 0.0 6.25502606604e-17 5.79301462586e-17 6.16528836741e-17 6.02463632835e-17 6.96670738324e-17 5.69486692554e-17 5.36784384128e-17 6.41104515443e-17 6.2741484757e-17 5.16211953212e-17 5.8531614764e-17 5.59346707374e-17 6.69536180229e-17 5.8428609926e-17 6.21518219763e-17 5.98885850164e-17 0.0
<linear_power_at_8.0_Hz(W/rtHz)_C1> 6.89253495106e-17 6.89400218868e-17 5.3522673321e-17 5.89423013076e-17 0.0 7.15628288676e-17 6.30773926806e-17 5.25971683459e-17 5.88356600044e-17 8.28646904652e-17 5.79691034341e-17 1.63611087827e-16 5.31802411896e-17 6.2899613569e-17 5.61300742417e-17 5.81259427361e-17 5.30403967678e-17 5.55930346632e-17 5.6702065946e-17 5.89444467433e-17 6.26598219852e-17 0.0
<linear_power_at_8.0_Hz(W/rtHz)_C2> 6.11314533454e-17 5.42305513901e-17 5.80897730899e-17 5.67678783187e-17 0.0 6.01204151772e-17 5.57715754307e-17 6.40683479498e-17 6.59308382493e-17 6.01081505763e-17 4.49992116127e-18 6.16100291517e-17 6.00358546355e-17 5.25259737077e-17 6.80585959902e-17 6.87425699483e-17 5.90231178415e-17 7.65882584435e-17 5.80854886875e-17 5.0993789822e-17 0.0 0.0
<linear_power_at_8.0_Hz(W/rtHz)_C3> 6.09784778598e-17 6.48188921484e-17 0.0 4.01613845719e-17 0.0 6.21583672475e-17 5.32203305113e-17 6.74271990225e-17 0.0 4.0679730995e-17 5.96749728288e-17 5.90856396971e-17 7.2476840762e-17 5.55132311871e-17 6.7375988302e-17 5.58718538853e-17 8.42896381099e-17 5.67147778789e-17 1.04197005896e-16 4.78017191663e-17 6.17518170115e-17 0.0
<linear_power_at_8.0_Hz(W/rtHz)_C4> 0.0 4.48732490511e-17 5.54642038449e-17 5.54891858331e-17 5.7874794038e-17 5.21522883016e-17 5.42724229635e-17 5.85833929878e-17 6.2577588743e-17 5.55943567707e-17 7.20126479384e-17 4.96028661353e-17 5.21543895836e-17 5.02431440602e-17 5.28253649376e-17 5.58065799212e-17 6.61533839877e-17 0.0 6.94489496801e-17 6.07579422944e-17 7.00605732015e-17 6.51235717274e-17
<linear_power_at_8.0_Hz(W/rtHz)_C5> 0.0 5.98319737956e-17 4.68335528993e-17 5.17239908029e-17 5.02373474545e-17 6.23569486139e-17 0.0 6.08917197006e-17 6.71875128217e-17 6.12830581692e-17 4.35392900729e-17 5.47874877888e-17 4.49489060617e-17 4.35883872026e-17 4.74889674506e-17 5.60740672286e-17 6.20590146599e-17 7.23957861989e-17 5.47296030607e-17 7.4356738035e-17 5.14609272568e-17 4.49072565617e-17
<linear_power_at_8.0_Hz(W/rtHz)_C6> 0.0 8.09640864423e-17 8.22090683818e-17 0.0 5.36530294152e-17 6.54379311734e-17 8.96361238844e-17 1.1822082681e-16 5.04455987877e-17 6.16849488156e-17 8.8919620386e-17 7.50862996432e-17 9.08205030027e-17 6.41656196664e-17 6.49504383291e-17 5.124169987e-17 4.7514506759e-17 0.0 6.01065882064e-17 6.3262226482e-17 7.02275451211e-17 5.49701499312e-17
<linear_power_at_8.0_Hz(W/rtHz)_C7> 0.0 0.0 4.97484321016e-17 5.59598318421e-17 5.08944248629e-17 6.39986258421e-17 0.0 0.0 1.28695105825e-16 6.25257234029e-17 5.51150254911e-17 6.01971369719e-17 6.25239608191e-17 5.08712983699e-17 5.00643524527e-17 4.6143861042e-17 5.01756800207e-17 0.0 5.66504664743e-17 5.98898814081e-17 5.29462239288e-17 5.44926763152e-17
<linear_power_at_8.0_Hz(W/rtHz)_C8> 0.0 6.46211778632e-17 8.24215775856e-17 4.68063078948e-17 5.59284864938e-17 7.5207621176e-17 6.08782782031e-17 6.49196168527e-17 6.42785007778e-17 5.04916151296e-17 4.03495857932e-17 4.15271457267e-17 4.38327276514e-17 5.63784164468e-17 6.16180528212e-17 7.49839191547e-17 7.03091048803e-17 0.0 5.41989662827e-17 4.32141582842e-17 5.25232501592e-17 4.66912107713e-17
<linear_power_at_8.0_Hz(W/rtHz)_C9> 0.0 6.33365835633e-17 7.54059343793e-17 5.3301663743e-17 5.60256929708e-17 6.77434845047e-17 9.33432422197e-17 7.37135509676e-17 7.93169090443e-17 7.94546270025e-17 8.18199513655e-17 6.19994733508e-17 6.9314399511e-17 6.99122457549e-17 7.78580430824e-17 8.48025166313e-17 7.35140723484e-17 0.0 5.96307980696e-17 6.38719969077e-17 9.60292341885e-17 8.87392854347e-17
<linear_power_at_8.0_Hz(W/rtHz)_C10> 0.0 6.03857669216e-17 5.01945603261e-17 6.92504360489e-17 7.22929991262e-17 5.09283017332e-17 6.28229870101e-17 5.63881959314e-17 5.55888338303e-17 5.54930748473e-17 6.16673472191e-17 4.28572651158e-17 5.53855408818e-17 5.81178384029e-17 4.86483957028e-17 6.47740542935e-17 5.48232973454e-17 8.28202973898e-17 0.0 7.74448048728e-17 5.95377013615e-17 6.58046793398e-17
<linear_power_at_8.0_Hz(W/rtHz)_C11> 0.0 0.0 4.26470147634e-17 5.02792102743e-17 4.09358274873e-17 0.0 4.83184197293e-17 4.39807392809e-17 4.80683979217e-17 3.41741782391e-17 5.25909041628e-17 3.6522423846e-17 5.53230110586e-17 4.95781809368e-17 5.01168128111e-17 5.8141541753e-17 4.47878214503e-17 4.81897878297e-17 3.78448609018e-17 4.12429199276e-17 3.78110744803e-17 4.87119081915e-17
<linear_power_at_8.0_Hz(W/rtHz)_C12> 0.0 5.20416543986e-17 6.77333425873e-17 5.88229614989e-17 5.82499367707e-17 6.68415011727e-17 6.75102895444e-17 6.57044209686e-17 6.26955028344e-17 4.98672433524e-17 4.88691787663e-17 5.70632573258e-17 7.24477254617e-17 0.0 4.32430455117e-17 4.54447343123e-17 4.6560347427e-17 0.0 6.21616026199e-17 5.01608308141e-17 6.36879872084e-17 5.6566707793e-17
<linear_power_at_8.0_Hz(W/rtHz)_C13> 0.0 0.0 4.36165469723e-17 4.9539880026e-17 5.16061326757e-17 4.88556040443e-17 4.29091552799e-17 4.89463972279e-17 4.80562980402e-17 1.99459337772e-16 4.63722537102e-17 4.96984853772e-17 5.98780448359e-17 5.53091337793e-17 4.93504230868e-17 3.76736189049e-17 4.1864867723e-17 0.0 5.81909165947e-17 7.08560123605e-17 5.68968187675e-17 5.08140598324e-17
<linear_power_at_8.0_Hz(W/rtHz)_C14> 0.0 7.2784250557e-17 6.99988950054e-17 7.22247441074e-17 7.84300014522e-17 0.0 4.72686161994e-17 6.12012377276e-17 6.24221167625e-17 7.7970022672e-17 5.98992199869e-17 7.01283931932e-17 7.98966940347e-17 5.50777838609e-17 5.40192938495e-17 8.55235752645e-17 7.31222166821e-17 0.0 6.72607711048e-17 7.03952071923e-17 4.67615264561e-17 6.10858796404e-17
<linear_power_at_8.0_Hz(W/rtHz)_C15> 0.0 4.63955122122e-17 5.37432129531e-17 5.27235751552e-17 6.57666638687e-17 5.86510022488e-17 4.84654376586e-17 5.61018725636e-17 5.19188218267e-17 5.48754056101e-17 6.84674423263e-17 4.86285259098e-17 5.1467422641e-17 4.89071783621e-17 4.53119862294e-17 5.754171502e-17 0.0 0.0 5.1650611019e-17 5.44308675624e-17 6.40518646476e-17 0.0
<linear_power_at_8.0_Hz(W/rtHz)_C16> 6.31845774712e-17 5.40959844867e-17 6.31173028859e-17 8.56395341957e-17 0.0 6.48559040849e-17 5.36200248246e-17 6.73124791148e-17 8.41909270291e-17 6.68099148272e-17 5.8599302416e-17 7.03261966568e-17 5.27773424805e-17 7.46234490082e-17 5.51549615112e-17 6.37287944464e-17 0.0 5.29391605164e-17 4.7425964603e-17 6.28539701418e-17 6.0842433662e-17 0.0
<linear_power_at_8.0_Hz(W/rtHz)_C17> 0.0 0.0 6.41386490978e-17 6.42903444906e-17 0.0 5.34198216498e-17 6.65508240806e-17 5.43969595037e-17 5.53728731e-17 5.834231663e-17 5.89458431061e-17 4.68697028728e-17 5.99021943137e-17 6.46861933851e-17 7.47756738818e-17 4.71263341263e-17 5.24252631337e-17 4.38249666969e-17 5.99223577357e-17 7.02596424133e-17 5.52467920476e-17 0.0
<linear_power_at_8.0_Hz(W/rtHz)_C18> 5.29849196194e-17 5.12631683451e-17 0.0 5.43891505314e-17 0.0 0.0 5.45354799288e-17 5.83355556937e-17 5.22168360884e-17 5.89181219457e-17 5.14134900255e-17 4.49045471056e-17 6.34423420693e-17 7.09306173793e-17 6.45235362525e-17 4.95032870782e-17 5.11691994237e-17 5.17217021516e-17 4.52831102197e-17 5.51132587312e-17 4.91428405592e-17 0.0
<linear_power_at_8.0_Hz(W/rtHz)_C19> 5.7439066418e-17 6.0485050277e-17 6.04028847406e-17 5.8960368482e-17 5.40856400516e-17 7.24037982804e-17 4.86637149605e-17 5.89352632384e-17 6.27918077526e-17 6.38699690413e-17 5.17105799921e-17 6.31754199496e-17 5.62066603375e-17 0.0 0.0 6.68515994167e-17 0.0 5.40182837726e-17 6.03268221986e-17 3.31836487681e-17 4.6686279805e-17 5.16894300444e-17
<linear_power_at_8.0_Hz(W/rtHz)_C20> 8.16404742372e-17 5.51259326538e-17 6.74470757902e-17 5.83171383567e-17 0.0 5.68310921688e-17 1.28668518401e-16 5.69060859909e-17 6.06754859637e-17 6.19567439777e-17 5.81898230655e-17 6.07819256411e-17 5.84184650663e-17 6.8439930837e-17 4.74964258933e-17 0.0 5.26767008985e-17 5.87113151302e-17 5.0755071069e-17 5.72906571283e-17 6.03776799113e-17 0.0
<linear_power_at_8.0_Hz(W/rtHz)_C21> 0.0 0.0 0.0 7.27732279539e-17 0.0 6.29321299103e-17 0.0 0.0 6.88931290111e-17 6.2485027622e-17 5.76418207779e-17 6.68909953545e-17 5.79714198491e-17 7.78396129483e-17 0.0 0.0 5.58856155669e-17 7.37974717123e-17 5.38685399575e-17 6.03158483821e-17 5.60415182362e-17 0.0
<linear_power_at_8.0_Hz(W/rtHz)_C22> 5.96406256255e-17 6.5552027845e-17 4.36552633439e-17 5.75315533061e-17 0.0 4.75688296611e-17 0.0 7.56764469766e-17 6.7915587207e-17 7.19343438563e-17 6.1016585734e-17 3.07392816356e-19 0.0 7.16589445391e-17 7.47295675092e-17 5.79300560135e-17 0.0 6.5071257032e-17 7.17973881558e-17 8.22665839159e-17 3.66455270567e-13 0.0
<linear_power_at_8.0_Hz(W/rtHz)_C23> 6.92916146081e-17 5.71568889154e-17 5.32185673974e-17 7.19848777126e-17 0.0 5.52447410986e-17 5.33789036098e-17 8.37170556782e-17 6.76386693797e-17 6.91474028371e-17 7.69998231645e-17 5.26246033482e-17 7.19305361293e-17 5.63757828259e-17 6.89352415829e-17 5.5284091654e-17 6.41833469447e-17 6.62322383637e-17 5.69970915634e-17 6.37394107795e-17 7.37111306761e-17 0.0
<log_power_at_8.0_Hz(W/rtHz)_C0> -16.1696904688 -16.2182220074 -16.2720220553 -16.2262163894 0.0 -16.2037708762 -16.237095375 -16.2100466055 -16.2200691638 -16.1569724304 -16.2445164198 -16.2702001269 -16.1930711643 -16.2024452081 -16.2871719433 -16.2326094944 -16.2523189141 -16.1742259497 -16.2333744459 -16.2065461355 -16.2226559478 0.0
<log_power_at_8.0_Hz(W/rtHz)_C1> -16.161621023 -16.1615285831 -16.2714622028 -16.2295729118 0.0 -16.1453125002 -16.2001262666 -16.2790376362 -16.2303593704 -16.0816304876 -16.2368034165 -15.7861872678 -16.2742496973 -16.2013520227 -16.2508043834 -16.2356299903 -16.2753932359 -16.2549796184 -16.2464011173 -16.2295571043 -16.2030108433 0.0
<log_power_at_8.0_Hz(W/rtHz)_C2> -16.2137352791 -16.2657559798 -16.23590032 -16.2458973371 0.0 -16.2209780289 -16.2535870874 -16.1933564745 -16.1809114026 -16.2210666343 -17.346795095 -16.2103485857 -16.2215893026 -16.2796258881 -16.1671170144 -16.1627742358 -16.228977853 -16.1158378059 -16.2359323525 -16.2924827104 0.0 0.0
<log_power_at_8.0_Hz(W/rtHz)_C3> -16.2148234207 -16.188298396 0.0 -16.3961913232 0.0 -16.2065004019 -16.2739224327 -16.1711648809 0.0 -16.3906219276 -16.2242077701 -16.2285180582 -16.1398007457 -16.2556034935 -16.1714948513 -16.2528069181 -16.0742258108 -16.2463037645 -15.9821447603 -16.3205564839 -16.209350259 0.0
<log_power_at_8.0_Hz(W/rtHz)_C4> 0.0 -16.3480124842 -16.2559872167 -16.2557916473 -16.2375105415 -16.2827266312 -16.2654207891 -16.2322254788 -16.2035811752 -16.2549692902 -16.1425912196 -16.3044932285 -16.2827091332 -16.2989231916 -16.277157494 -16.2533145922 -16.1794479352 0.0 -16.158334318 -16.2163969429 -16.1545263138 -16.1862617884
<log_power_at_8.0_Hz(W/rtHz)_C5> 0.0 -16.22306667 -16.3294428944 -16.2863079742 -16.2989732995 -16.2051151448 0.0 -16.2154417605 -16.1727114355 -16.2126595705 -16.3611186566 -16.2613186131 -16.3472808734 -16.3606291999 -16.3234072732 -16.251237942 -16.2071951242 -16.1402867112 -16.2617777017 -16.1286796706 -16.2885223927 -16.3476834757
<log_power_at_8.0_Hz(W/rtHz)_C6> 0.0 -16.0917075801 -16.0850802733 0.0 -16.2704057514 -16.1841704394 -16.0475169318 -15.9273060076 -16.2971767185 -16.2098207913 -16.0510024001 -16.1244392978 -16.0418160971 -16.1926976073 -16.1874179137 -16.2903764716 -16.3231737747 0.0 -16.2210779229 -16.1988555274 -16.1534925125 -16.2598730785
<log_power_at_8.0_Hz(W/rtHz)_C7> 0.0 0.0 -16.3032206022 -16.2521235992 -16.2933297891 -16.1938293509 0.0 0.0 -15.8904379687 -16.2039412749 -16.2587299874 -16.2204241637 -16.2039535177 -16.2935271779 -16.3004713968 -16.3358860691 -16.2995067329 0.0 -16.2467965097 -16.2226465469 -16.2761650079 -16.2636618619
<log_power_at_8.0_Hz(W/rtHz)_C8> 0.0 -16.1896251303 -16.0839590771 -16.3296956149 -16.2523669332 -16.1237381479 -16.215537639 -16.187624052 -16.1919342612 -16.2967807368 -16.3941609191 -16.3816679181 -16.3582015029 -16.2488871267 -16.2102920298 -16.1250318642 -16.1529884311 0.0 -16.2660089965 -16.3643739417 -16.2796484074 -16.330764864
<log_power_at_8.0_Hz(W/rtHz)_C9> 0.0 -16.1983453666 -16.1225944742 -16.2732592348 -16.2516127631 -16.1691324684 -16.0299171182 -16.1324526672 -16.1006342185 -16.0998808068 -16.087140783 -16.2076119996 -16.1591765348 -16.155446747 -16.1086965162 -16.0715912593 -16.1336295186 0.0 -16.2245293782 -16.1946895058 -16.0175965345 -16.0518840727
<log_power_at_8.0_Hz(W/rtHz)_C10> 0.0 -16.2190654136 -16.2993433456 -16.1595774876 -16.1409037579 -16.2930408057 -16.2018814183 -16.2488117999 -16.2550124367 -16.2557612104 -16.2099447335 -16.3679755464 -16.2566035987 -16.2356905469 -16.3129314771 -16.188598919 -16.2610348474 -16.0818632144 0.0 -16.1110077101 -16.2252079367 -16.1817432228
<log_power_at_8.0_Hz(W/rtHz)_C11> 0.0 0.0 -16.3701113635 -16.2986115523 -16.3878964262 0.0 -16.3158872779 -16.3567374748 -16.3181403523 -16.4663019198 -16.2790893626 -16.4374404078 -16.2570941906 -16.3047094119 -16.3000165558 -16.2355134561 -16.3488400618 -16.3170449858 -16.4219930867 -16.384650595 -16.4223809811 -16.3123648575
<log_power_at_8.0_Hz(W/rtHz)_C12> 0.0 -16.2836489057 -16.1691974918 -16.2304531143 -16.2347045417 -16.174953805 -16.1706300294 -16.1824054076 -16.2027636101 -16.3021846388 -16.3109649591 -16.2436434413 -16.1399752449 0.0 -16.3640837272 -16.3425164313 -16.3319837877 0.0 -16.2064777973 -16.2996352789 -16.1959424763 -16.2474390967
<log_power_at_8.0_Hz(W/rtHz)_C13> 0.0 0.0 -16.3603487196 -16.3050450495 -16.2872986854 -16.3110856128 -16.367450035 -16.3102792696 -16.3182496876 -15.7001456272 -16.3337417967 -16.3036568467 -16.2227323889 -16.2572031432 -16.3067091197 -16.4239626597 -16.3781502767 0.0 -16.235144802 -16.1496232926 -16.2449120153 -16.2940161054
<log_power_at_8.0_Hz(W/rtHz)_C14> 0.0 -16.1379625855 -16.1549088157 -16.1413139882 -16.1055177769 0.0 -16.3254271116 -16.2132397946 -16.2046615083 -16.1080723395 -16.222578833 -16.1541061117 -16.0974711906 -16.2590235426 -16.2674510973 -16.067914152 -16.1359506515 0.0 -16.1722381581 -16.1524569085 -16.3301113204 -16.2140591679
<log_power_at_8.0_Hz(W/rtHz)_C15> 0.0 -16.3335240262 -16.2696763735 -16.2779951482 -16.1819941879 -16.2317245621 -16.3145678611 -16.2510226427 -16.2846751714 -16.2606222567 -16.1645158954 -16.3131088951 -16.2884675796 -16.3106273925 -16.3437869003 -16.2400171982 0.0 0.0 -16.2869245365 -16.2641547435 -16.1934682228 0.0
<log_power_at_8.0_Hz(W/rtHz)_C16> -16.1993889144 -16.2668349711 -16.1998515676 -16.0673257036 0.0 -16.1880504823 -16.2706729893 -16.1719044141 -16.0747347084 -16.1751590819 -16.2321075539 -16.1528828692 -16.2775524818 -16.1271246823 -16.2584154141 -16.195664297 0.0 -16.2762229498 -16.3239838272 -16.2016672851 -16.2157934227 0.0
<log_power_at_8.0_Hz(W/rtHz)_C17> 0.0 0.0 -16.1928801915 -16.1918542471 0.0 -16.2722975663 -16.1768465624 -16.2644253743 -16.2567029419 -16.2340163301 -16.2295468162 -16.3291077997 -16.2225572684 -16.1891884052 -16.1262396644 -16.3267363419 -16.280459381 -16.3582784053 -16.222411107 -16.1532940649 -16.2576929346 0.0
<log_power_at_8.0_Hz(W/rtHz)_C18> -16.2758477202 -16.2901945555 0.0 -16.2644877241 0.0 0.0 -16.2633208606 -16.2340666608 -16.2821894464 -16.229751105 -16.2889229146 -16.3477096794 -16.1976207928 -16.14916626 -16.1902818389 -16.3053659624 -16.2909913778 -16.286327191 -16.3440637518 -16.2587439093 -16.308539744 0.0
<log_power_at_8.0_Hz(W/rtHz)_C19> -16.2407926275 -16.218351954 -16.2189423197 -16.2294398109 -16.2669180265 -16.1402386503 -16.3127947403 -16.2296247723 -16.2020970136 -16.1947032944 -16.2864205911 -16.1994518625 -16.2502122187 0.0 0.0 -16.1748881978 0.0 -16.267459218 -16.2194895512 -16.4790758621 -16.3308107314 -16.2865982566
<log_power_at_8.0_Hz(W/rtHz)_C20> -16.0880944812 -16.2586440498 -16.1710368747 -16.2342037952 0.0 -16.2454139977 -15.8905276998 -16.2448412842 -16.2169867366 -16.2079114139 -16.2351529633 -16.2162255451 -16.2334498582 -16.164690438 -16.3233390698 0.0 -16.2783814324 -16.2312781913 -16.2945205598 -16.2419161963 -16.2191235793 0.0
<log_power_at_8.0_Hz(W/rtHz)_C21> 0.0 0.0 0.0 -16.1380283609 0.0 -16.2011275695 0.0 0.0 -16.1618240899 -16.2042240339 -16.2392623092 -16.1746323416 -16.2367860627 -16.1087993322 0.0 0.0 -16.2526999611 -16.1319585168 -16.2686647953 -16.2195685592 -16.2514901076 0.0
<log_power_at_8.0_Hz(W/rtHz)_C22> -16.2244578095 -16.1834138689 -16.3599633876 -16.2400939002 0.0 -16.3226775334 0.0 -16.1210392663 -16.16803054 -16.1430637134 -16.2145520976 -18.512306286 0.0 -16.1447295928 -16.1265075312 -16.2370960516 0.0 -16.1866108036 -16.1438913542 -16.0847765362 -12.4359790277 0.0
<log_power_at_8.0_Hz(W/rtHz)_C23> -16.1593193188 -16.2429314182 -16.2739368205 -16.1427587288 0.0 -16.2577090574 -16.2726303508 -16.0771860542 -16.1698049446 -16.1602241273 -16.1135102722 -16.2788111646 -16.1430867027 -16.2489074145 -16.1615586981 -16.2573998217 -16.1925776397 -16.1789305674 -16.2441473049 -16.1955919556 -16.132466927 0.0
