<linear_power_at_9.0_Hz(W/rtHz)_C0> 5.75224065794e-17 5.43571060127e-17 6.15996131326e-17 5.16715967186e-17 0.0 5.34816264203e-17 5.50560668334e-17 5.7969240001e-17 6.36406018565e-17 5.73306462204e-17 5.32378516593e-17 6.1318640683e-17 5.88875507738e-17 6.2954654626e-17 5.51872303211e-17 6.43324986042e-17 5.22980884906e-17 5.7222030907e-17 5.88545592665e-17 4.66663874056e-17 5.62829532201e-17 0.0
<linear_power_at_9.0_Hz(W/rtHz)_C1> 5.37405679932e-17 5.7307426533e-17 4.93063890029e-17 4.86581104002e-17 0.0 4.87509803066e-17 5.0500422379e-17 0.0 0.0 4.61857270267e-17 4.62672315284e-17 0.0 4.21748103805e-17 5.19790382705e-17 4.83687940409e-17 8.23806331203e-17 4.48284667825e-17 5.02576016312e-17 5.13980256261e-17 4.80028553888e-17 4.6929227712e-17 0.0
<linear_power_at_9.0_Hz(W/rtHz)_C2> 4.76176504124e-17 4.94799756291e-17 4.8645916561e-17 5.41942117882e-17 0.0 4.92657721406e-17 5.52687816238e-17 5.27792004093e-17 5.1445819813e-17 4.86414850008e-17 0.0 4.95508943775e-17 5.08463376164e-17 5.86854036546e-17 4.98428065751e-17 4.83030358251e-17 5.09557280662e-17 4.88492729538e-17 5.09982459852e-17 4.50182822832e-17 0.0 0.0
<linear_power_at_9.0_Hz(W/rtHz)_C3> 4.99104393995e-17 4.97989024603e-17 0.0 0.0 0.0 4.80643201528e-17 5.5611812314e-17 5.32130052563e-17 0.0 5.0972456509e-17 4.73188419737e-17 4.93274621266e-17 5.24230943829e-17 4.65757657519e-17 5.83462831069e-17 5.99447983946e-17 5.47552325446e-17 5.45792098138e-17 5.77087480407e-17 4.74259225819e-17 5.00187749369e-17 0.0
<linear_power_at_9.0_Hz(W/rtHz)_C4> 0.0 5.31373867559e-17 5.54838621187e-17 6.28533470502e-17 5.94450447141e-17 5.01566607061e-17 5.12790811054e-17 5.8464009654e-17 2.15826479847e-16 5.42292303161e-17 5.75105231538e-17 5.36309436419e-17 5.37084115528e-17 5.56815531556e-17 0.0 5.47906672112e-17 5.65219430359e-17 0.0 5.80397006803e-17 6.3571877699e-17 6.07280062827e-17 5.93434684604e-17
<linear_power_at_9.0_Hz(W/rtHz)_C5> 0.0 6.18849018355e-17 5.53899763451e-17 5.12410295275e-17 4.32375208326e-17 8.81947867371e-17 0.0 5.50381050847e-17 5.791475941e-17 5.69970022794e-17 5.1190021056e-17 8.16024928435e-17 4.87334518981e-17 5.14112978557e-17 4.20096818477e-17 9.19237700924e-17 5.60035906971e-17 5.45752549594e-17 5.92675346679e-17 5.82494307753e-17 0.0 4.66839069245e-17
<linear_power_at_9.0_Hz(W/rtHz)_C6> 0.0 5.82976205959e-17 9.0656584044e-17 0.0 5.80768049437e-17 5.55473448126e-17 6.09011716563e-17 6.19478891386e-17 4.80413548077e-17 5.38524121919e-17 6.07666540573e-17 5.24404312793e-17 5.72046461163e-17 5.72799448212e-17 5.16496583635e-17 5.19092393018e-17 5.49461452045e-17 0.0 5.12520280693e-17 5.01520756905e-17 5.44697403466e-17 5.51084982898e-17
<linear_power_at_9.0_Hz(W/rtHz)_C7> 0.0 0.0 4.50702198355e-17 0.0 0.0 0.0 0.0 0.0 0.0 0.0 0.0 0.0 0.0 0.0 0.0 0.0 0.0 0.0 0.0 0.0 0.0 0.0
<linear_power_at_9.0_Hz(W/rtHz)_C8> 0.0 5.63479808652e-17 5.6049684687e-17 4.86186315776e-17 5.07802977467e-17 5.38320330609e-17 5.52467119129e-17 4.9060051212e-17 5.59863461857e-17 5.45557520934e-17 5.01298457287e-17 4.85278450107e-17 5.08073644953e-17 5.52913923021e-17 1.33365771898e-16 5.52501820752e-17 5.12424519285e-17 0.0 5.15092068792e-17 4.75317196473e-17 4.77525947621e-17 4.99944323148e-17
<linear_power_at_9.0_Hz(W/rtHz)_C9> 0.0 5.90324683164e-17 5.94566112199e-17 5.22825556978e-17 4.92263401314e-17 5.07933397502e-17 6.12537464989e-17 5.87384862297e-17 6.19641250512e-17 5.23860135436e-17 6.10268948425e-17 5.69147296907e-17 5.90131036953e-17 6.26046284537e-17 5.6304944722e-17 6.11528448497e-17 5.41854217887e-17 0.0 5.17122125897e-17 5.76559405425e-17 5.74923137797e-17 5.78817515114e-17
<linear_power_at_9.0_Hz(W/rtHz)_C10> 0.0 4.97529735219e-17 5.09396436659e-17 5.17389237545e-17 5.67193581349e-17 5.63436936147e-17 5.56834288165e-17 5.15682084331e-17 7.43763107642e-17 5.70521896472e-17 9.11343670118e-17 4.71307249549e-17 5.20183319318e-17 6.34192177338e-17 5.03495075851e-17 5.43418993687e-17 5.7103972021e-17 5.83798126162e-17 0.0 6.12188320345e-17 6.18524674928e-17 5.66913716001e-17
<linear_power_at_9.0_Hz(W/rtHz)_C11> 0.0 0.0 4.82576049152e-17 0.0 4.1656742029e-17 0.0 4.11707583969e-17 4.19161546214e-17 4.41004449552e-17 3.95876532247e-17 4.28154462643e-17 4.52370997629e-17 1.00192476733e-16 4.62412406947e-17 4.21467953171e-17 4.72442785066e-17 4.31231766999e-17 4.60261354578e-17 4.69849246387e-17 4.69952191578e-17 0.0 4.57674438885e-17
<linear_power_at_9.0_Hz(W/rtHz)_C12> 0.0 4.82015430751e-17 4.80215155623e-17 5.1619490745e-17 5.13257409372e-17 5.45265392764e-17 5.59831391483e-17 4.98794160827e-17 5.02737093368e-17 4.65045085694e-17 4.61050163637e-17 5.04385061946e-17 7.68344235709e-17 0.0 6.69756253411e-17 4.58141671087e-17 4.51035542131e-17 0.0 4.77967112053e-17 4.83477364994e-17 5.50151235156e-17 5.36607371622e-17
<linear_power_at_9.0_Hz(W/rtHz)_C13> 0.0 0.0 4.14571845264e-17 4.71293517958e-17 4.75216233927e-17 4.21501322148e-17 4.32180145624e-17 5.10841367296e-17 4.44608277956e-17 1.44866990848e-16 4.49173389153e-17 4.84729019583e-17 5.07338724043e-17 5.38157774713e-17 1.06492371276e-16 6.17315489048e-17 4.16927534766e-17 0.0 5.02076464863e-17 6.2171585288e-17 5.09907805157e-17 4.56884545109e-17
<linear_power_at_9.0_Hz(W/rtHz)_C14> 0.0 5.73944102939e-17 5.04740722393e-17 5.10828087895e-17 5.65437810021e-17 0.0 5.80350143078e-17 5.2886315982e-17 6.0559724701e-17 5.12348848153e-17 5.49167083076e-17 4.90345817977e-17 5.36244951475e-17 4.41936558316e-17 5.28669842587e-17 5.58686111595e-17 5.16552861506e-17 0.0 4.92470147897e-17 5.2700763681e-17 4.55581564723e-17 5.46882973631e-17
<linear_power_at_9.0_Hz(W/rtHz)_C15> 0.0 4.47101571476e-17 4.53471356909e-17 4.81057693977e-17 5.09980508109e-17 4.94966260931e-17 4.53351291992e-17 4.88097323371e-17 5.13473534041e-17 4.77116038043e-17 4.90542407519e-17 4.75474770591e-17 4.44778424293e-17 4.95880586927e-17 4.6326026758e-17 6.94785486696e-17 0.0 0.0 5.148373381e-17 5.07258769942e-17 4.89497708812e-17 0.0
<linear_power_at_9.0_Hz(W/rtHz)_C16> 4.30656222741e-17 4.42945778561e-17 5.07030274371e-17 4.71382795362e-17 0.0 4.28234593845e-17 4.5365909375e-17 4.70290704295e-17 4.65043496902e-17 4.53609115193e-17 4.61935745133e-17 4.37561070095e-17 4.02367625346e-17 5.77812210566e-17 4.22661552781e-17 4.95816461656e-15 0.0 6.31599930965e-15 6.66685896146e-15 9.06422185999e-15 5.57171986212e-15 0.0
<linear_power_at_9.0_Hz(W/rtHz)_C17> 4.68713554425e-17 4.49912078105e-17 4.66726752397e-17 4.59509222787e-17 0.0 5.09550658226e-17 5.45591014191e-17 4.65139668091e-17 4.99736375229e-17 5.08488551919e-17 0.0 5.07420891674e-17 4.98509995947e-17 4.82108520509e-17 5.67025867128e-17 7.10927577738e-15 2.0749074293e-16 8.87293067213e-15 8.11728058725e-15 8.00702078681e-15 9.06479429158e-15 0.0
<linear_power_at_9.0_Hz(W/rtHz)_C18> 5.22111472841e-17 4.86278950335e-17 0.0 4.47694553557e-17 0.0 5.27107075467e-17 4.34036282723e-17 5.34662640073e-17 4.80553120798e-17 5.2913551807e-17 4.65672230729e-17 4.7410471621e-17 5.33598853682e-17 4.59029400891e-17 5.30636897699e-17 6.47343721696e-15 0.0 7.31044955259e-15 8.86034043432e-15 8.65766881781e-15 7.63749612221e-15 0.0
<linear_power_at_9.0_Hz(W/rtHz)_C19> 4.97305678485e-17 4.94339885491e-17 4.61580832689e-17 4.91142847591e-17 4.54268047171e-17 5.21189402001e-17 0.0 4.60186859484e-17 5.52452532485e-17 4.72855036242e-17 4.73465980194e-17 6.18804815306e-17 5.16491223767e-17 0.0 0.0 1.41604988723e-16 0.0 6.22946491562e-15 0.0 0.0 5.5592083167e-15 5.34010370635e-15
<linear_power_at_9.0_Hz(W/rtHz)_C20> 2.45502846949e-16 4.99033800559e-17 4.5717047014e-17 4.2711757314e-17 0.0 5.4370967317e-17 4.90118954988e-17 5.28070381506e-17 5.14910871945e-17 4.71451340916e-17 4.64547520017e-17 5.24616860578e-17 4.9432548543e-17 4.69568315865e-17 1.47219305341e-15 0.0 3.1413399324e-15 7.28705739494e-15 6.5496828242e-15 6.99156623134e-15 7.02475697273e-15 0.0
<linear_power_at_9.0_Hz(W/rtHz)_C21> 0.0 0.0 0.0 4.4695515118e-17 0.0 4.25219547628e-17 3.8372377954e-17 4.41120479474e-17 4.11226102864e-17 4.03905789399e-17 4.41217205415e-17 4.47904378395e-17 4.44562941453e-17 4.18610387878e-17 0.0 0.0 1.73931934241e-15 8.27106886725e-15 2.81341405158e-15 8.43537195393e-15 7.85441503446e-15 0.0
<linear_power_at_9.0_Hz(W/rtHz)_C22> 4.95296507119e-17 4.99489256523e-17 0.0 0.0 4.86355153677e-19 0.0 0.0 4.57552469446e-17 4.97617828649e-17 5.18076334051e-17 4.87033511134e-17 0.0 0.0 4.38815016553e-17 5.54142452026e-15 6.2560097634e-15 0.0 0.0 7.65831506346e-15 6.68842262326e-15 0.0 0.0
<linear_power_at_9.0_Hz(W/rtHz)_C23> 5.75470756626e-17 5.72084363909e-17 5.03405255792e-17 7.94213695767e-17 0.0 5.03235227829e-17 5.59814885511e-17 5.87557254858e-17 5.64821872769e-17 5.98451329732e-17 5.61881138145e-17 5.00913268964e-17 5.15397331197e-17 5.22630904432e-17 2.2853362604e-16 4.58697856803e-15 1.34579455809e-15 7.74050226377e-15 8.54315004516e-15 8.56827415802e-15 8.69213053569e-15 0.0
<log_power_at_9.0_Hz(W/rtHz)_C0> -16.2401629526 -16.2647436733 -16.2104220154 -16.286748118 0.0 -16.271795394 -16.2591948175 -16.2368023934 -16.1962657218 -16.2416131629 -16.2737794782 -16.2124074812 -16.2299765083 -16.2009721543 -16.2581614013 -16.1915695807 -16.2815141844 -16.2424367324 -16.2302198882 -16.3309958179 -16.2496231228 0.0
<log_power_at_9.0_Hz(W/rtHz)_C1> -16.2696977477 -16.2417890937 -16.3070968022 -16.3128447606 0.0 -16.3120166469 -16.2967049895 0.0 0.0 -16.3354922156 -16.3347264864 0.0 -16.3749468613 -16.2841717602 -16.3154347406 -16.0841748747 -16.3484461146 -16.2987982404 -16.2890535634 -16.3187329284 -16.3285565927 0.0
<log_power_at_9.0_Hz(W/rtHz)_C2> -16.3222320377 -16.305570523 -16.3129536094 -16.2660470958 0.0 -16.3074547061 -16.2575201091 -16.2775371935 -16.2886499077 -16.3129931747 0.0 -16.3049485022 -16.2937403232 -16.2314699039 -16.3023975112 -16.3160255732 -16.2928069887 -16.3111418957 -16.2924447606 -16.34661108 0.0 0.0
<log_power_at_9.0_Hz(W/rtHz)_C3> -16.3018086067 -16.3027802287 0.0 0.0 0.0 -16.3181771962 -16.2548329516 -16.2739822132 0.0 -16.292664436 -16.3249658923 -16.3069112282 -16.2804773475 -16.3318399961 -16.233986805 -16.2222484961 -16.2615743723 -16.2629727562 -16.2387583474 -16.323984212 -16.3008669492 0.0
<log_power_at_9.0_Hz(W/rtHz)_C4> 0.0 -16.2745998076 -16.2558333162 -16.2016715904 -16.2258843419 -16.2996713854 -16.2900597658 -16.2331114026 -15.6658952726 -16.2657665595 -16.2402526818 -16.2705845615 -16.2699576919 -16.2542886592 0.0 -16.2612934109 -16.247782917 0.0 -16.236274836 -16.1967349608 -16.2166109767 -16.226627074
<log_power_at_9.0_Hz(W/rtHz)_C5> 0.0 -16.2084152936 -16.2565688203 -16.2903821531 -16.3641392157 -16.0545570856 0.0 -16.2593365269 -16.2372107435 -16.2441479852 -16.2908146918 -16.0882965739 -16.3121728255 -16.2889414324 -16.3766506075 -16.0365721721 -16.2517841271 -16.2630042267 -16.2271831376 -16.2347083143 0.0 -16.3308328055
<log_power_at_9.0_Hz(W/rtHz)_C6> 0.0 -16.2343491705 -16.0426006493 0.0 -16.2359972841 -16.2553366957 -16.215374352 -16.2079734875 -16.3183847536 -16.2687948387 -16.2163346762 -16.2803337453 -16.2425686967 -16.2419974091 -16.2869325468 -16.2847553354 -16.2600627705 0.0 -16.2902889447 -16.2997110877 -16.263844695 -16.2587814234
<log_power_at_9.0_Hz(W/rtHz)_C7> 0.0 0.0 -16.3461103236 0.0 0.0 0.0 0.0 0.0 0.0 0.0 0.0 0.0 0.0 0.0 0.0 0.0 0.0 0.0 0.0 0.0 0.0 0.0
<log_power_at_9.0_Hz(W/rtHz)_C8> 0.0 -16.2491216415 -16.2514268262 -16.313197269 -16.294304757 -16.268959218 -16.2576935645 -16.3092720028 -16.2519178748 -16.2631594528 -16.2999036319 -16.3140089941 -16.2940733324 -16.2573424739 -15.8749556171 -16.2576662864 -16.2903700976 0.0 -16.2881151372 -16.3230164731 -16.3210030249 -16.3010783587
<log_power_at_9.0_Hz(W/rtHz)_C9> 0.0 -16.2289090573 -16.2257998474 -16.2816431912 -16.3078024519 -16.2941932306 -16.2128673431 -16.23107725 -16.2078596783 -16.2807846491 -16.2144787272 -16.2447753224 -16.2290515438 -16.2033935576 -16.2494534636 -16.2135833346 -16.2661175417 0.0 -16.2864068798 -16.2391559388 -16.2403902128 -16.2374583355
<log_power_at_9.0_Hz(W/rtHz)_C10> 0.0 -16.3031809582 -16.2929440973 -16.2861826095 -16.2462686925 -16.2491546862 -16.25427403 -16.2876179565 -16.1285653674 -16.2437276828 -16.0403178185 -16.32669588 -16.2838435784 -16.1977791192 -16.2980047725 -16.2648651861 -16.2433336822 -16.2337373033 0.0 -16.2131149604 -16.2086429703 -16.2464830355
<log_power_at_9.0_Hz(W/rtHz)_C11> 0.0 0.0 -16.3164342365 0.0 -16.3803146992 0.0 -16.3854111329 -16.3776185663 -16.3555570287 -16.4024402427 -16.368399525 -16.3445052463 -15.9991648876 -16.3349705219 -16.3752354419 -16.325650779 -16.365289254 -16.3369954887 -16.3280414654 -16.3279463208 0.0 -16.3394433422
<log_power_at_9.0_Hz(W/rtHz)_C12> 0.0 -16.3169390585 -16.3185641377 -16.2871862843 -16.2896647724 -16.2633920655 -16.2519427529 -16.3020786393 -16.2986590701 -16.3325049406 -16.3362518195 -16.2972377841 -16.1144441626 0.0 -16.1740832228 -16.3390002044 -16.3457892339 0.0 -16.3206019853 -16.3156238535 -16.2595179077 -16.2703433655
<log_power_at_9.0_Hz(W/rtHz)_C13> 0.0 0.0 -16.3824001954 -16.3267085334 -16.3231087318 -16.3752010588 -16.3643351885 -16.2917139414 -16.3520224556 -15.8390305609 -16.347585981 -16.3145009793 -16.2947019877 -16.2690903811 -15.9726815024 -16.209492826 -16.3799394222 0.0 -16.299230136 -16.2064080586 -16.2925083402 -16.3401935324
<log_power_at_9.0_Hz(W/rtHz)_C14> 0.0 -16.241130402 -16.2969316551 -16.2917252311 -16.2476151542 0.0 -16.2363099042 -16.2766566845 -16.2178161078 -16.2904342358 -16.2602955021 -16.3094975243 -16.2706367835 -16.3546400708 -16.2768154628 -16.2528321247 -16.2868852283 0.0 -16.30762009 -16.2781830914 -16.3414338581 -16.2621055975
<log_power_at_9.0_Hz(W/rtHz)_C15> 0.0 -16.3495938037 -16.3434501395 -16.3178028349 -16.2924464227 -16.3054244035 -16.3435651422 -16.3114935739 -16.2894819363 -16.3213759846 -16.3093234418 -16.3228725224 -16.3518562881 -16.3046228934 -16.3341749463 -16.1581492621 0.0 0.0 -16.2883299638 -16.2947704358 -16.3102493367 0.0
<log_power_at_9.0_Hz(W/rtHz)_C16> -16.3658692731 -16.3536494329 -16.2949661085 -16.3266262725 0.0 -16.3683182522 -16.3432703791 -16.3276336054 -16.3325064244 -16.343318227 -16.3354184302 -16.3589613242 -16.39537697 -16.2382132847 -16.3740072558 -14.3046790583 0.0 -14.1995579261 -14.1760787324 -14.042669473 -14.2540107274 0.0
<log_power_at_9.0_Hz(W/rtHz)_C17> -16.3290924872 -16.3468723478 -16.330937305 -16.3377057675 0.0 -16.2928126331 -16.2631327911 -16.3324166214 -16.3012590376 -16.2937188203 0.0 -16.2946316559 -16.3023261289 -16.316855193 -16.2463971286 -14.1481746386 -15.6830012743 -14.0519329118 -14.0905894417 -14.096529044 -14.042642047 0.0
<log_power_at_9.0_Hz(W/rtHz)_C18> -16.2822367635 -16.3131145294 0.0 -16.349018189 0.0 -16.2781011541 -16.3624739647 -16.2719201615 -16.318258598 -16.2764330856 -16.3319196594 -16.3241257245 -16.2727851121 -16.338159497 -16.2752025547 -14.1888650597 0.0 -14.1360559155 -14.0525495912 -14.0625990313 -14.1170489973 0.0
<log_power_at_9.0_Hz(W/rtHz)_C19> -16.3033765817 -16.3059743474 -16.3357522337 -16.3087921761 -16.34268781 -16.2830044239 0.0 -16.3370657867 -16.2577050312 -16.3252719811 -16.3247112208 -16.2084463154 -16.2869370536 0.0 0.0 -15.8489214462 0.0 -14.2055492558 0.0 0.0 -14.2549870516 -14.2724503088
<log_power_at_9.0_Hz(W/rtHz)_C20> -15.6099434673 -16.3018700377 -16.3399218296 -16.3694525598 0.0 -16.2646329404 -16.3096985011 -16.2773081906 -16.2882679383 -16.3265631247 -16.3329698541 -16.2801577558 -16.3059869985 -16.3283012148 -14.8320352358 0.0 -14.5028850649 -14.1374478098 -14.1837797307 -14.1554255239 -14.1533686959 0.0
<log_power_at_9.0_Hz(W/rtHz)_C21> 0.0 0.0 0.0 -16.3497360531 0.0 -16.3713867789 -16.4159812865 -16.3554427792 -16.385919326 -16.3937199218 -16.3553475604 -16.3488146922 -16.3520667427 -16.3781899988 0.0 0.0 -14.7596206734 -14.0824383631 -14.5507663478 -14.0738957626 -14.1048861539 0.0
<log_power_at_9.0_Hz(W/rtHz)_C22> -16.3051347347 -16.3014738485 0.0 0.0 -18.3130464777 0.0 0.0 -16.3395590964 -16.3031040681 -16.285606246 -16.3124411554 0.0 0.0 -16.357718519 -14.2563785779 -14.2037025822 0.0 0.0 -14.1158667707 -14.1746762928 0.0 0.0
<log_power_at_9.0_Hz(W/rtHz)_C23> -16.2399767408 -16.2425399221 -16.2980822545 -16.100062628 0.0 -16.2982289647 -16.2519555578 -16.2309498069 -16.2480884935 -16.2229711637 -16.2503555465 -16.3002374639 -16.2878578346 -16.281804913 -15.6410498896 -14.338473289 -14.8710212322 -14.111230858 -14.068381966 -14.0671066459 -14.0608737602 0.0
